3.020000000000000000e+03;2.689000000000000057e+01;9.900000000000000000e+02
4.023000000000000000e+03;2.696999999999999886e+01;9.000000000000000000e+02
5.026000000000000000e+03;2.696999999999999886e+01;8.400000000000000000e+02
6.029000000000000000e+03;2.696999999999999886e+01;7.800000000000000000e+02
7.032000000000000000e+03;2.696999999999999886e+01;8.100000000000000000e+02
8.035000000000000000e+03;2.712000000000000099e+01;7.800000000000000000e+02
9.038000000000000000e+03;2.712000000000000099e+01;7.500000000000000000e+02
1.004200000000000000e+04;2.712000000000000099e+01;7.800000000000000000e+02
1.104400000000000000e+04;2.712000000000000099e+01;7.500000000000000000e+02
1.204800000000000000e+04;2.719000000000000128e+01;7.800000000000000000e+02
1.305100000000000000e+04;2.712000000000000099e+01;7.500000000000000000e+02
1.405400000000000000e+04;2.712000000000000099e+01;7.800000000000000000e+02
1.505700000000000000e+04;2.726999999999999957e+01;7.500000000000000000e+02
1.606100000000000000e+04;2.726999999999999957e+01;7.500000000000000000e+02
1.706300000000000000e+04;2.712000000000000099e+01;7.800000000000000000e+02
1.806700000000000000e+04;2.733999999999999986e+01;7.500000000000000000e+02
1.907000000000000000e+04;2.742000000000000171e+01;7.800000000000000000e+02
2.007400000000000000e+04;2.733999999999999986e+01;7.500000000000000000e+02
2.107600000000000000e+04;2.742000000000000171e+01;7.800000000000000000e+02
2.208000000000000000e+04;2.742000000000000171e+01;7.500000000000000000e+02
2.308400000000000000e+04;2.742000000000000171e+01;7.500000000000000000e+02
2.408600000000000000e+04;2.742000000000000171e+01;7.800000000000000000e+02
2.509000000000000000e+04;2.748999999999999844e+01;7.500000000000000000e+02
2.609300000000000000e+04;2.748999999999999844e+01;7.500000000000000000e+02
2.709600000000000000e+04;2.748999999999999844e+01;7.800000000000000000e+02
2.809900000000000000e+04;2.748999999999999844e+01;7.500000000000000000e+02
2.910300000000000000e+04;2.757000000000000028e+01;7.500000000000000000e+02
3.010500000000000000e+04;2.757000000000000028e+01;7.800000000000000000e+02
3.110900000000000000e+04;2.742000000000000171e+01;7.500000000000000000e+02
3.211200000000000000e+04;2.757000000000000028e+01;7.500000000000000000e+02
3.311500000000000000e+04;2.757000000000000028e+01;7.800000000000000000e+02
3.411800000000000000e+04;2.757000000000000028e+01;7.500000000000000000e+02
3.512200000000000000e+04;2.757000000000000028e+01;7.500000000000000000e+02
3.612500000000000000e+04;2.742000000000000171e+01;7.800000000000000000e+02
3.712800000000000000e+04;2.757000000000000028e+01;7.500000000000000000e+02
3.813100000000000000e+04;2.764000000000000057e+01;7.500000000000000000e+02
3.913500000000000000e+04;2.764000000000000057e+01;7.500000000000000000e+02
4.013700000000000000e+04;2.764000000000000057e+01;7.800000000000000000e+02
4.114100000000000000e+04;2.764000000000000057e+01;7.500000000000000000e+02
4.214400000000000000e+04;2.764000000000000057e+01;7.500000000000000000e+02
4.314800000000000000e+04;2.764000000000000057e+01;7.800000000000000000e+02
4.415000000000000000e+04;2.771999999999999886e+01;7.500000000000000000e+02
4.515400000000000000e+04;2.764000000000000057e+01;7.500000000000000000e+02
4.615700000000000000e+04;2.748999999999999844e+01;7.800000000000000000e+02
4.716000000000000000e+04;2.771999999999999886e+01;7.500000000000000000e+02
4.816300000000000000e+04;2.764000000000000057e+01;7.500000000000000000e+02
4.916700000000000000e+04;2.771999999999999886e+01;7.800000000000000000e+02
5.016900000000000000e+04;2.748999999999999844e+01;7.500000000000000000e+02
5.117300000000000000e+04;2.771999999999999886e+01;7.500000000000000000e+02
5.217600000000000000e+04;2.771999999999999886e+01;7.800000000000000000e+02
5.318000000000000000e+04;2.771999999999999886e+01;7.500000000000000000e+02
5.418200000000000000e+04;2.771999999999999886e+01;7.500000000000000000e+02
5.518600000000000000e+04;2.764000000000000057e+01;7.800000000000000000e+02
5.618900000000000000e+04;2.771999999999999886e+01;7.500000000000000000e+02
5.719200000000000000e+04;2.771999999999999886e+01;7.500000000000000000e+02
5.819500000000000000e+04;2.771999999999999886e+01;7.800000000000000000e+02
5.919900000000000000e+04;2.771999999999999886e+01;7.500000000000000000e+02
6.020100000000000000e+04;2.757000000000000028e+01;7.800000000000000000e+02
6.120500000000000000e+04;2.764000000000000057e+01;7.500000000000000000e+02
6.220900000000000000e+04;2.771999999999999886e+01;7.500000000000000000e+02
6.321100000000000000e+04;2.771999999999999886e+01;7.800000000000000000e+02
6.421500000000000000e+04;2.764000000000000057e+01;7.500000000000000000e+02
6.521800000000000000e+04;2.764000000000000057e+01;7.800000000000000000e+02
6.622200000000000000e+04;2.757000000000000028e+01;7.500000000000000000e+02
6.722400000000000000e+04;2.757000000000000028e+01;7.800000000000000000e+02
6.822800000000000000e+04;2.764000000000000057e+01;7.500000000000000000e+02
6.923100000000000000e+04;2.764000000000000057e+01;7.500000000000000000e+02
7.023400000000000000e+04;2.757000000000000028e+01;7.800000000000000000e+02
7.123700000000000000e+04;2.764000000000000057e+01;7.500000000000000000e+02
7.224100000000000000e+04;2.748999999999999844e+01;7.800000000000000000e+02
7.324300000000000000e+04;2.757000000000000028e+01;7.500000000000000000e+02
7.424700000000000000e+04;2.764000000000000057e+01;7.500000000000000000e+02
7.525000000000000000e+04;2.764000000000000057e+01;7.800000000000000000e+02
7.625300000000000000e+04;2.764000000000000057e+01;7.500000000000000000e+02
7.725600000000000000e+04;2.764000000000000057e+01;7.800000000000000000e+02
7.826000000000000000e+04;2.757000000000000028e+01;7.500000000000000000e+02
7.926300000000000000e+04;2.764000000000000057e+01;7.500000000000000000e+02
8.026600000000000000e+04;2.764000000000000057e+01;7.800000000000000000e+02
8.126900000000000000e+04;2.719000000000000128e+01;7.500000000000000000e+02
8.227300000000000000e+04;2.764000000000000057e+01;7.500000000000000000e+02
8.327500000000000000e+04;2.742000000000000171e+01;7.800000000000000000e+02
8.427900000000000000e+04;2.764000000000000057e+01;7.500000000000000000e+02
8.528200000000000000e+04;2.771999999999999886e+01;7.500000000000000000e+02
8.628500000000000000e+04;2.733999999999999986e+01;7.800000000000000000e+02
8.728800000000000000e+04;2.771999999999999886e+01;7.500000000000000000e+02
8.829200000000000000e+04;2.757000000000000028e+01;7.500000000000000000e+02
8.929500000000000000e+04;2.764000000000000057e+01;7.500000000000000000e+02
9.029800000000000000e+04;2.757000000000000028e+01;7.800000000000000000e+02
9.130100000000000000e+04;2.764000000000000057e+01;7.500000000000000000e+02
9.230500000000000000e+04;2.764000000000000057e+01;7.500000000000000000e+02
9.330700000000000000e+04;2.757000000000000028e+01;7.800000000000000000e+02
9.431100000000000000e+04;2.757000000000000028e+01;7.500000000000000000e+02
9.531400000000000000e+04;2.764000000000000057e+01;7.800000000000000000e+02
9.631700000000000000e+04;2.764000000000000057e+01;7.500000000000000000e+02
9.732000000000000000e+04;2.771999999999999886e+01;7.500000000000000000e+02
9.832400000000000000e+04;2.764000000000000057e+01;7.800000000000000000e+02
9.932800000000000000e+04;2.757000000000000028e+01;7.500000000000000000e+02
1.003300000000000000e+05;2.742000000000000171e+01;7.800000000000000000e+02
1.013340000000000000e+05;2.733999999999999986e+01;7.500000000000000000e+02
1.023370000000000000e+05;2.757000000000000028e+01;7.500000000000000000e+02
1.033400000000000000e+05;2.757000000000000028e+01;7.800000000000000000e+02
1.043430000000000000e+05;2.771999999999999886e+01;7.500000000000000000e+02
1.053470000000000000e+05;2.780000000000000071e+01;7.800000000000000000e+02
1.063500000000000000e+05;2.764000000000000057e+01;7.500000000000000000e+02
1.073530000000000000e+05;2.764000000000000057e+01;7.500000000000000000e+02
1.083560000000000000e+05;2.757000000000000028e+01;7.800000000000000000e+02
1.093600000000000000e+05;2.764000000000000057e+01;7.500000000000000000e+02
1.103630000000000000e+05;2.764000000000000057e+01;7.800000000000000000e+02
1.113660000000000000e+05;2.764000000000000057e+01;7.500000000000000000e+02
1.123690000000000000e+05;2.771999999999999886e+01;7.500000000000000000e+02
1.133730000000000000e+05;2.771999999999999886e+01;7.800000000000000000e+02
1.143760000000000000e+05;2.771999999999999886e+01;7.500000000000000000e+02
1.153790000000000000e+05;2.757000000000000028e+01;7.800000000000000000e+02
1.163820000000000000e+05;2.771999999999999886e+01;7.500000000000000000e+02
1.173860000000000000e+05;2.764000000000000057e+01;7.500000000000000000e+02
1.183880000000000000e+05;2.764000000000000057e+01;7.800000000000000000e+02
1.193920000000000000e+05;2.757000000000000028e+01;7.500000000000000000e+02
1.203950000000000000e+05;2.771999999999999886e+01;7.500000000000000000e+02
1.213990000000000000e+05;2.764000000000000057e+01;7.800000000000000000e+02
1.224010000000000000e+05;2.771999999999999886e+01;7.500000000000000000e+02
1.234050000000000000e+05;2.771999999999999886e+01;7.800000000000000000e+02
1.244080000000000000e+05;2.742000000000000171e+01;7.500000000000000000e+02
1.254120000000000000e+05;2.764000000000000057e+01;7.500000000000000000e+02
1.264140000000000000e+05;2.771999999999999886e+01;7.800000000000000000e+02
1.274180000000000000e+05;2.764000000000000057e+01;7.500000000000000000e+02
1.284210000000000000e+05;2.771999999999999886e+01;7.500000000000000000e+02
1.294250000000000000e+05;2.764000000000000057e+01;7.800000000000000000e+02
1.304270000000000000e+05;2.771999999999999886e+01;7.500000000000000000e+02
1.314310000000000000e+05;2.764000000000000057e+01;7.800000000000000000e+02
1.324340000000000000e+05;2.771999999999999886e+01;7.500000000000000000e+02
1.334380000000000000e+05;2.764000000000000057e+01;7.500000000000000000e+02
1.344400000000000000e+05;2.771999999999999886e+01;7.800000000000000000e+02
1.354440000000000000e+05;2.771999999999999886e+01;7.500000000000000000e+02
1.364480000000000000e+05;2.771999999999999886e+01;7.500000000000000000e+02
1.374510000000000000e+05;2.780000000000000071e+01;7.800000000000000000e+02
1.384540000000000000e+05;2.764000000000000057e+01;7.500000000000000000e+02
1.394570000000000000e+05;2.771999999999999886e+01;7.800000000000000000e+02
1.404610000000000000e+05;2.757000000000000028e+01;7.500000000000000000e+02
1.414630000000000000e+05;2.757000000000000028e+01;7.800000000000000000e+02
1.424670000000000000e+05;2.771999999999999886e+01;7.500000000000000000e+02
1.434700000000000000e+05;2.748999999999999844e+01;7.800000000000000000e+02
1.444740000000000000e+05;2.748999999999999844e+01;7.500000000000000000e+02
1.454770000000000000e+05;2.771999999999999886e+01;7.500000000000000000e+02
1.464800000000000000e+05;2.764000000000000057e+01;7.800000000000000000e+02
1.474830000000000000e+05;2.764000000000000057e+01;7.500000000000000000e+02
1.484870000000000000e+05;2.764000000000000057e+01;7.800000000000000000e+02
1.494890000000000000e+05;2.757000000000000028e+01;7.500000000000000000e+02
1.504930000000000000e+05;2.764000000000000057e+01;7.500000000000000000e+02
1.514960000000000000e+05;2.757000000000000028e+01;7.800000000000000000e+02
1.525000000000000000e+05;2.764000000000000057e+01;7.500000000000000000e+02
1.535020000000000000e+05;2.757000000000000028e+01;7.800000000000000000e+02
1.545060000000000000e+05;2.757000000000000028e+01;7.500000000000000000e+02
1.555090000000000000e+05;2.764000000000000057e+01;7.500000000000000000e+02
1.565130000000000000e+05;2.748999999999999844e+01;7.800000000000000000e+02
1.575150000000000000e+05;2.764000000000000057e+01;7.500000000000000000e+02
1.585190000000000000e+05;2.757000000000000028e+01;7.800000000000000000e+02
1.595220000000000000e+05;2.764000000000000057e+01;7.500000000000000000e+02
1.605260000000000000e+05;2.764000000000000057e+01;7.500000000000000000e+02
1.615280000000000000e+05;2.764000000000000057e+01;7.800000000000000000e+02
1.625320000000000000e+05;2.771999999999999886e+01;7.500000000000000000e+02
1.635350000000000000e+05;2.748999999999999844e+01;7.800000000000000000e+02
1.645390000000000000e+05;2.764000000000000057e+01;7.500000000000000000e+02
1.655410000000000000e+05;2.748999999999999844e+01;7.500000000000000000e+02
1.665450000000000000e+05;2.780000000000000071e+01;7.800000000000000000e+02
1.675480000000000000e+05;2.757000000000000028e+01;7.500000000000000000e+02
1.685520000000000000e+05;2.771999999999999886e+01;7.500000000000000000e+02
1.695540000000000000e+05;2.771999999999999886e+01;7.800000000000000000e+02
1.705580000000000000e+05;2.764000000000000057e+01;7.500000000000000000e+02
1.715610000000000000e+05;2.764000000000000057e+01;7.500000000000000000e+02
1.725640000000000000e+05;2.771999999999999886e+01;7.800000000000000000e+02
1.735680000000000000e+05;2.771999999999999886e+01;7.500000000000000000e+02
1.745710000000000000e+05;2.757000000000000028e+01;7.800000000000000000e+02
1.755750000000000000e+05;2.771999999999999886e+01;7.500000000000000000e+02
1.765770000000000000e+05;2.764000000000000057e+01;7.500000000000000000e+02
1.775810000000000000e+05;2.771999999999999886e+01;7.800000000000000000e+02
1.785840000000000000e+05;2.757000000000000028e+01;7.500000000000000000e+02
1.795880000000000000e+05;2.719000000000000128e+01;7.500000000000000000e+02
1.805900000000000000e+05;2.764000000000000057e+01;7.800000000000000000e+02
1.815940000000000000e+05;2.771999999999999886e+01;7.500000000000000000e+02
1.825970000000000000e+05;2.771999999999999886e+01;7.800000000000000000e+02
1.836010000000000000e+05;2.771999999999999886e+01;7.500000000000000000e+02
1.846030000000000000e+05;2.771999999999999886e+01;7.500000000000000000e+02
1.856070000000000000e+05;2.764000000000000057e+01;7.800000000000000000e+02
1.866100000000000000e+05;2.764000000000000057e+01;7.500000000000000000e+02
1.876140000000000000e+05;2.771999999999999886e+01;7.800000000000000000e+02
1.886160000000000000e+05;2.771999999999999886e+01;7.500000000000000000e+02
1.896200000000000000e+05;2.764000000000000057e+01;7.500000000000000000e+02
1.906230000000000000e+05;2.771999999999999886e+01;7.800000000000000000e+02
1.916270000000000000e+05;2.780000000000000071e+01;7.500000000000000000e+02
1.926290000000000000e+05;2.764000000000000057e+01;7.800000000000000000e+02
1.936330000000000000e+05;2.764000000000000057e+01;7.500000000000000000e+02
1.946360000000000000e+05;2.764000000000000057e+01;7.800000000000000000e+02
1.956400000000000000e+05;2.771999999999999886e+01;7.500000000000000000e+02
1.966420000000000000e+05;2.780000000000000071e+01;7.500000000000000000e+02
1.976460000000000000e+05;2.764000000000000057e+01;7.800000000000000000e+02
1.986490000000000000e+05;2.733999999999999986e+01;7.500000000000000000e+02
1.996530000000000000e+05;2.771999999999999886e+01;7.500000000000000000e+02
2.006550000000000000e+05;2.771999999999999886e+01;7.800000000000000000e+02
2.016590000000000000e+05;2.780000000000000071e+01;7.500000000000000000e+02
2.026620000000000000e+05;2.771999999999999886e+01;7.800000000000000000e+02
2.036660000000000000e+05;2.771999999999999886e+01;7.500000000000000000e+02
2.046680000000000000e+05;2.771999999999999886e+01;7.500000000000000000e+02
2.056720000000000000e+05;2.780000000000000071e+01;7.800000000000000000e+02
2.066750000000000000e+05;2.771999999999999886e+01;7.500000000000000000e+02
2.076790000000000000e+05;2.780000000000000071e+01;7.800000000000000000e+02
2.086810000000000000e+05;2.771999999999999886e+01;7.500000000000000000e+02
2.096850000000000000e+05;2.780000000000000071e+01;7.500000000000000000e+02
2.106890000000000000e+05;2.757000000000000028e+01;7.800000000000000000e+02
2.116920000000000000e+05;2.771999999999999886e+01;7.500000000000000000e+02
2.126950000000000000e+05;2.742000000000000171e+01;7.800000000000000000e+02
2.136980000000000000e+05;2.764000000000000057e+01;7.500000000000000000e+02
2.147020000000000000e+05;2.771999999999999886e+01;7.500000000000000000e+02
2.157040000000000000e+05;2.757000000000000028e+01;7.800000000000000000e+02
2.167080000000000000e+05;2.771999999999999886e+01;7.500000000000000000e+02
2.177110000000000000e+05;2.771999999999999886e+01;7.500000000000000000e+02
2.187150000000000000e+05;2.771999999999999886e+01;7.800000000000000000e+02
2.197170000000000000e+05;2.771999999999999886e+01;7.500000000000000000e+02
2.207210000000000000e+05;2.771999999999999886e+01;7.800000000000000000e+02
2.217240000000000000e+05;2.771999999999999886e+01;7.500000000000000000e+02
2.227280000000000000e+05;2.764000000000000057e+01;7.500000000000000000e+02
2.237300000000000000e+05;2.771999999999999886e+01;7.800000000000000000e+02
2.247340000000000000e+05;2.764000000000000057e+01;7.500000000000000000e+02
2.257370000000000000e+05;2.771999999999999886e+01;7.800000000000000000e+02
2.267410000000000000e+05;2.771999999999999886e+01;7.500000000000000000e+02
2.277430000000000000e+05;2.764000000000000057e+01;7.800000000000000000e+02
2.287470000000000000e+05;2.771999999999999886e+01;7.500000000000000000e+02
2.297500000000000000e+05;2.771999999999999886e+01;7.500000000000000000e+02
2.307540000000000000e+05;2.764000000000000057e+01;7.800000000000000000e+02
2.317560000000000000e+05;2.764000000000000057e+01;7.500000000000000000e+02
2.327600000000000000e+05;2.771999999999999886e+01;7.500000000000000000e+02
2.337630000000000000e+05;2.764000000000000057e+01;7.800000000000000000e+02
2.347670000000000000e+05;2.771999999999999886e+01;7.500000000000000000e+02
2.357690000000000000e+05;2.742000000000000171e+01;7.800000000000000000e+02
2.367730000000000000e+05;2.764000000000000057e+01;7.500000000000000000e+02
2.377760000000000000e+05;2.771999999999999886e+01;7.500000000000000000e+02
2.387800000000000000e+05;2.764000000000000057e+01;7.800000000000000000e+02
2.397820000000000000e+05;2.764000000000000057e+01;7.500000000000000000e+02
2.407860000000000000e+05;2.771999999999999886e+01;7.800000000000000000e+02
2.417890000000000000e+05;2.764000000000000057e+01;7.500000000000000000e+02
2.427930000000000000e+05;2.771999999999999886e+01;7.500000000000000000e+02
2.437950000000000000e+05;2.764000000000000057e+01;7.800000000000000000e+02
2.447990000000000000e+05;2.771999999999999886e+01;7.500000000000000000e+02
2.458030000000000000e+05;2.764000000000000057e+01;7.800000000000000000e+02
2.468060000000000000e+05;2.771999999999999886e+01;7.500000000000000000e+02
2.478090000000000000e+05;2.764000000000000057e+01;7.800000000000000000e+02
2.488120000000000000e+05;2.757000000000000028e+01;7.500000000000000000e+02
2.498160000000000000e+05;2.764000000000000057e+01;7.500000000000000000e+02
2.508190000000000000e+05;2.764000000000000057e+01;7.800000000000000000e+02
2.518220000000000000e+05;2.764000000000000057e+01;7.500000000000000000e+02
2.528250000000000000e+05;2.764000000000000057e+01;7.800000000000000000e+02
2.538290000000000000e+05;2.764000000000000057e+01;7.500000000000000000e+02
2.548320000000000000e+05;2.771999999999999886e+01;7.500000000000000000e+02
2.558350000000000000e+05;2.764000000000000057e+01;7.800000000000000000e+02
2.568380000000000000e+05;2.771999999999999886e+01;7.500000000000000000e+02
2.578420000000000000e+05;2.780000000000000071e+01;7.800000000000000000e+02
2.588450000000000000e+05;2.771999999999999886e+01;7.500000000000000000e+02
2.598480000000000000e+05;2.764000000000000057e+01;7.500000000000000000e+02
2.608510000000000000e+05;2.787000000000000099e+01;7.800000000000000000e+02
2.618550000000000000e+05;2.764000000000000057e+01;7.500000000000000000e+02
2.628580000000000000e+05;2.771999999999999886e+01;7.800000000000000000e+02
2.638610000000000000e+05;2.742000000000000171e+01;7.500000000000000000e+02
2.648640000000000000e+05;2.771999999999999886e+01;7.500000000000000000e+02
2.658680000000000000e+05;2.757000000000000028e+01;7.800000000000000000e+02
2.668710000000000000e+05;2.764000000000000057e+01;7.500000000000000000e+02
2.678740000000000000e+05;2.771999999999999886e+01;7.800000000000000000e+02
2.688770000000000000e+05;2.764000000000000057e+01;7.500000000000000000e+02
2.698810000000000000e+05;2.757000000000000028e+01;7.500000000000000000e+02
2.708830000000000000e+05;2.771999999999999886e+01;7.800000000000000000e+02
2.718870000000000000e+05;2.771999999999999886e+01;7.500000000000000000e+02
2.728900000000000000e+05;2.771999999999999886e+01;7.800000000000000000e+02
2.738940000000000000e+05;2.771999999999999886e+01;7.500000000000000000e+02
2.748960000000000000e+05;2.764000000000000057e+01;7.500000000000000000e+02
2.759000000000000000e+05;2.780000000000000071e+01;7.800000000000000000e+02
2.769030000000000000e+05;2.780000000000000071e+01;7.500000000000000000e+02
2.779070000000000000e+05;2.771999999999999886e+01;7.800000000000000000e+02
2.789090000000000000e+05;2.771999999999999886e+01;7.500000000000000000e+02
2.799130000000000000e+05;2.771999999999999886e+01;7.500000000000000000e+02
2.809160000000000000e+05;2.771999999999999886e+01;7.800000000000000000e+02
2.819200000000000000e+05;2.771999999999999886e+01;7.500000000000000000e+02
2.829230000000000000e+05;2.771999999999999886e+01;7.800000000000000000e+02
2.839260000000000000e+05;2.780000000000000071e+01;7.500000000000000000e+02
2.849300000000000000e+05;2.748999999999999844e+01;7.500000000000000000e+02
2.859330000000000000e+05;2.771999999999999886e+01;7.800000000000000000e+02
2.869360000000000000e+05;2.771999999999999886e+01;7.500000000000000000e+02
2.879390000000000000e+05;2.771999999999999886e+01;7.800000000000000000e+02
2.889430000000000000e+05;2.780000000000000071e+01;7.500000000000000000e+02
2.899460000000000000e+05;2.748999999999999844e+01;7.500000000000000000e+02
2.909490000000000000e+05;2.771999999999999886e+01;7.800000000000000000e+02
2.919520000000000000e+05;2.780000000000000071e+01;7.500000000000000000e+02
2.929560000000000000e+05;2.757000000000000028e+01;7.800000000000000000e+02
2.939590000000000000e+05;2.771999999999999886e+01;7.500000000000000000e+02
2.949620000000000000e+05;2.780000000000000071e+01;7.500000000000000000e+02
2.959650000000000000e+05;2.771999999999999886e+01;7.800000000000000000e+02
2.969690000000000000e+05;2.780000000000000071e+01;7.500000000000000000e+02
2.979720000000000000e+05;2.771999999999999886e+01;7.800000000000000000e+02
2.989750000000000000e+05;2.780000000000000071e+01;7.500000000000000000e+02
2.999780000000000000e+05;2.771999999999999886e+01;7.800000000000000000e+02
3.009820000000000000e+05;2.771999999999999886e+01;7.500000000000000000e+02
3.019850000000000000e+05;2.771999999999999886e+01;7.500000000000000000e+02
3.029880000000000000e+05;2.771999999999999886e+01;7.800000000000000000e+02
3.039910000000000000e+05;2.771999999999999886e+01;7.500000000000000000e+02
