3.023000000000000000e+03;2.517999999999999972e+01;1.440000000000000000e+03
4.028000000000000000e+03;2.532999999999999829e+01;1.410000000000000000e+03
5.032000000000000000e+03;2.532999999999999829e+01;1.380000000000000000e+03
6.036000000000000000e+03;2.541000000000000014e+01;1.350000000000000000e+03
7.041000000000000000e+03;2.482000000000000028e+01;1.380000000000000000e+03
8.045000000000000000e+03;2.569999999999999929e+01;1.350000000000000000e+03
9.049000000000000000e+03;2.562999999999999901e+01;1.380000000000000000e+03
1.005300000000000000e+04;2.541000000000000014e+01;1.350000000000000000e+03
1.105800000000000000e+04;2.555000000000000071e+01;1.350000000000000000e+03
1.206100000000000000e+04;2.541000000000000014e+01;1.380000000000000000e+03
1.306600000000000000e+04;2.541000000000000014e+01;1.350000000000000000e+03
1.407000000000000000e+04;2.562999999999999901e+01;1.350000000000000000e+03
1.507400000000000000e+04;2.562999999999999901e+01;1.380000000000000000e+03
1.607800000000000000e+04;2.562999999999999901e+01;1.350000000000000000e+03
1.708300000000000000e+04;2.585000000000000142e+01;1.380000000000000000e+03
1.808700000000000000e+04;2.585000000000000142e+01;1.350000000000000000e+03
1.909100000000000000e+04;2.562999999999999901e+01;1.380000000000000000e+03
2.009600000000000000e+04;2.569999999999999929e+01;1.350000000000000000e+03
2.110000000000000000e+04;2.562999999999999901e+01;1.380000000000000000e+03
2.210400000000000000e+04;2.578000000000000114e+01;1.350000000000000000e+03
2.310800000000000000e+04;2.585000000000000142e+01;1.350000000000000000e+03
2.411300000000000000e+04;2.562999999999999901e+01;1.380000000000000000e+03
2.511600000000000000e+04;2.585000000000000142e+01;1.350000000000000000e+03
2.612100000000000000e+04;2.578000000000000114e+01;1.380000000000000000e+03
2.712500000000000000e+04;2.592000000000000171e+01;1.350000000000000000e+03
2.813000000000000000e+04;2.578000000000000114e+01;1.350000000000000000e+03
2.913300000000000000e+04;2.578000000000000114e+01;1.380000000000000000e+03
3.013800000000000000e+04;2.592000000000000171e+01;1.350000000000000000e+03
3.114200000000000000e+04;2.600000000000000000e+01;1.350000000000000000e+03
3.214700000000000000e+04;2.585000000000000142e+01;1.350000000000000000e+03
3.315000000000000000e+04;2.585000000000000142e+01;1.380000000000000000e+03
3.415500000000000000e+04;2.703999999999999915e+01;1.350000000000000000e+03
3.516000000000000000e+04;2.607000000000000028e+01;1.350000000000000000e+03
3.616300000000000000e+04;2.578000000000000114e+01;1.380000000000000000e+03
3.716800000000000000e+04;2.592000000000000171e+01;1.350000000000000000e+03
3.817200000000000000e+04;2.592000000000000171e+01;1.350000000000000000e+03
3.917700000000000000e+04;2.607000000000000028e+01;1.350000000000000000e+03
4.018000000000000000e+04;2.607000000000000028e+01;1.380000000000000000e+03
4.118500000000000000e+04;2.592000000000000171e+01;1.350000000000000000e+03
4.218900000000000000e+04;2.600000000000000000e+01;1.350000000000000000e+03
4.319300000000000000e+04;2.585000000000000142e+01;1.380000000000000000e+03
4.419700000000000000e+04;2.673999999999999844e+01;1.350000000000000000e+03
4.520200000000000000e+04;2.517999999999999972e+01;1.380000000000000000e+03
4.620500000000000000e+04;2.600000000000000000e+01;1.350000000000000000e+03
4.721000000000000000e+04;2.607000000000000028e+01;1.350000000000000000e+03
4.821500000000000000e+04;2.585000000000000142e+01;1.380000000000000000e+03
4.921900000000000000e+04;2.600000000000000000e+01;1.350000000000000000e+03
5.022300000000000000e+04;2.585000000000000142e+01;1.380000000000000000e+03
5.122700000000000000e+04;2.585000000000000142e+01;1.350000000000000000e+03
5.223200000000000000e+04;2.600000000000000000e+01;1.350000000000000000e+03
5.323500000000000000e+04;2.607000000000000028e+01;1.380000000000000000e+03
5.424000000000000000e+04;2.614999999999999858e+01;1.350000000000000000e+03
5.524400000000000000e+04;2.607000000000000028e+01;1.350000000000000000e+03
5.624800000000000000e+04;2.621999999999999886e+01;1.350000000000000000e+03
5.725200000000000000e+04;2.592000000000000171e+01;1.380000000000000000e+03
5.825700000000000000e+04;2.592000000000000171e+01;1.350000000000000000e+03
5.926100000000000000e+04;2.592000000000000171e+01;1.350000000000000000e+03
6.026500000000000000e+04;2.607000000000000028e+01;1.380000000000000000e+03
6.127000000000000000e+04;2.585000000000000142e+01;1.350000000000000000e+03
6.227400000000000000e+04;2.578000000000000114e+01;1.350000000000000000e+03
6.327800000000000000e+04;2.585000000000000142e+01;1.380000000000000000e+03
6.428200000000000000e+04;2.600000000000000000e+01;1.350000000000000000e+03
6.528700000000000000e+04;2.607000000000000028e+01;1.350000000000000000e+03
6.629000000000000000e+04;2.621999999999999886e+01;1.380000000000000000e+03
6.729500000000000000e+04;2.585000000000000142e+01;1.350000000000000000e+03
6.829900000000000000e+04;2.592000000000000171e+01;1.350000000000000000e+03
6.930400000000000000e+04;2.607000000000000028e+01;1.380000000000000000e+03
7.030700000000000000e+04;2.585000000000000142e+01;1.350000000000000000e+03
7.131200000000000000e+04;2.607000000000000028e+01;1.350000000000000000e+03
7.231600000000000000e+04;2.592000000000000171e+01;1.380000000000000000e+03
7.332000000000000000e+04;2.592000000000000171e+01;1.350000000000000000e+03
7.432400000000000000e+04;2.673999999999999844e+01;1.350000000000000000e+03
7.532900000000000000e+04;2.585000000000000142e+01;1.380000000000000000e+03
7.633400000000000000e+04;2.673999999999999844e+01;1.350000000000000000e+03
7.733700000000000000e+04;2.585000000000000142e+01;1.380000000000000000e+03
7.834200000000000000e+04;2.489000000000000057e+01;1.350000000000000000e+03
7.934600000000000000e+04;2.607000000000000028e+01;1.350000000000000000e+03
8.035000000000000000e+04;2.614999999999999858e+01;1.380000000000000000e+03
8.135400000000000000e+04;2.600000000000000000e+01;1.350000000000000000e+03
8.235900000000000000e+04;2.585000000000000142e+01;1.380000000000000000e+03
8.336200000000000000e+04;2.607000000000000028e+01;1.350000000000000000e+03
8.436700000000000000e+04;2.592000000000000171e+01;1.350000000000000000e+03
8.537100000000000000e+04;2.607000000000000028e+01;1.350000000000000000e+03
8.637600000000000000e+04;2.592000000000000171e+01;1.380000000000000000e+03
8.737900000000000000e+04;2.614999999999999858e+01;1.350000000000000000e+03
8.838400000000000000e+04;2.592000000000000171e+01;1.350000000000000000e+03
8.938900000000000000e+04;2.607000000000000028e+01;1.350000000000000000e+03
9.039200000000000000e+04;2.585000000000000142e+01;1.380000000000000000e+03
9.139700000000000000e+04;2.578000000000000114e+01;1.350000000000000000e+03
9.240100000000000000e+04;2.592000000000000171e+01;1.380000000000000000e+03
9.340600000000000000e+04;2.592000000000000171e+01;1.350000000000000000e+03
9.440900000000000000e+04;2.592000000000000171e+01;1.380000000000000000e+03
9.541400000000000000e+04;2.600000000000000000e+01;1.350000000000000000e+03
9.641800000000000000e+04;2.607000000000000028e+01;1.380000000000000000e+03
9.742200000000000000e+04;2.600000000000000000e+01;1.350000000000000000e+03
9.842600000000000000e+04;2.614999999999999858e+01;1.380000000000000000e+03
9.943100000000000000e+04;2.585000000000000142e+01;1.380000000000000000e+03
1.004340000000000000e+05;2.592000000000000171e+01;1.350000000000000000e+03
1.014390000000000000e+05;2.592000000000000171e+01;1.380000000000000000e+03
1.024440000000000000e+05;2.630000000000000071e+01;1.350000000000000000e+03
1.034470000000000000e+05;2.585000000000000142e+01;1.380000000000000000e+03
1.044520000000000000e+05;2.637000000000000099e+01;1.380000000000000000e+03
1.054560000000000000e+05;2.607000000000000028e+01;1.350000000000000000e+03
1.064610000000000000e+05;2.592000000000000171e+01;1.380000000000000000e+03
1.074640000000000000e+05;2.614999999999999858e+01;1.350000000000000000e+03
1.084690000000000000e+05;2.607000000000000028e+01;1.380000000000000000e+03
1.094730000000000000e+05;2.607000000000000028e+01;1.350000000000000000e+03
1.104780000000000000e+05;2.621999999999999886e+01;1.380000000000000000e+03
1.114810000000000000e+05;2.592000000000000171e+01;1.380000000000000000e+03
1.124860000000000000e+05;2.592000000000000171e+01;1.350000000000000000e+03
1.134900000000000000e+05;2.496000000000000085e+01;1.380000000000000000e+03
1.144940000000000000e+05;2.569999999999999929e+01;1.380000000000000000e+03
1.154990000000000000e+05;2.592000000000000171e+01;1.350000000000000000e+03
1.165030000000000000e+05;2.607000000000000028e+01;1.380000000000000000e+03
1.175080000000000000e+05;2.607000000000000028e+01;1.350000000000000000e+03
1.185110000000000000e+05;2.607000000000000028e+01;1.380000000000000000e+03
1.195160000000000000e+05;2.585000000000000142e+01;1.380000000000000000e+03
1.205200000000000000e+05;2.592000000000000171e+01;1.350000000000000000e+03
1.215240000000000000e+05;2.607000000000000028e+01;1.380000000000000000e+03
1.225280000000000000e+05;2.592000000000000171e+01;1.350000000000000000e+03
1.235330000000000000e+05;2.585000000000000142e+01;1.380000000000000000e+03
1.245370000000000000e+05;2.578000000000000114e+01;1.350000000000000000e+03
1.255410000000000000e+05;2.585000000000000142e+01;1.380000000000000000e+03
1.265450000000000000e+05;2.607000000000000028e+01;1.380000000000000000e+03
1.275500000000000000e+05;2.607000000000000028e+01;1.350000000000000000e+03
1.285530000000000000e+05;2.585000000000000142e+01;1.380000000000000000e+03
1.295580000000000000e+05;2.607000000000000028e+01;1.350000000000000000e+03
1.305630000000000000e+05;2.600000000000000000e+01;1.380000000000000000e+03
1.315670000000000000e+05;2.569999999999999929e+01;1.380000000000000000e+03
1.325710000000000000e+05;2.592000000000000171e+01;1.350000000000000000e+03
1.335750000000000000e+05;2.600000000000000000e+01;1.380000000000000000e+03
1.345800000000000000e+05;2.585000000000000142e+01;1.350000000000000000e+03
1.355830000000000000e+05;2.585000000000000142e+01;1.380000000000000000e+03
1.365880000000000000e+05;2.592000000000000171e+01;1.380000000000000000e+03
1.375920000000000000e+05;2.630000000000000071e+01;1.350000000000000000e+03
1.385970000000000000e+05;2.600000000000000000e+01;1.380000000000000000e+03
1.396000000000000000e+05;2.592000000000000171e+01;1.380000000000000000e+03
1.406050000000000000e+05;2.585000000000000142e+01;1.350000000000000000e+03
1.416090000000000000e+05;2.592000000000000171e+01;1.380000000000000000e+03
1.426140000000000000e+05;2.592000000000000171e+01;1.350000000000000000e+03
1.436180000000000000e+05;2.578000000000000114e+01;1.380000000000000000e+03
1.446220000000000000e+05;2.578000000000000114e+01;1.380000000000000000e+03
1.456270000000000000e+05;2.592000000000000171e+01;1.350000000000000000e+03
1.466300000000000000e+05;2.585000000000000142e+01;1.380000000000000000e+03
1.476350000000000000e+05;2.578000000000000114e+01;1.350000000000000000e+03
1.486390000000000000e+05;2.578000000000000114e+01;1.380000000000000000e+03
1.496440000000000000e+05;2.592000000000000171e+01;1.350000000000000000e+03
1.506470000000000000e+05;2.592000000000000171e+01;1.380000000000000000e+03
1.516520000000000000e+05;2.578000000000000114e+01;1.380000000000000000e+03
1.526560000000000000e+05;2.569999999999999929e+01;1.350000000000000000e+03
1.536600000000000000e+05;2.592000000000000171e+01;1.380000000000000000e+03
1.546640000000000000e+05;2.585000000000000142e+01;1.350000000000000000e+03
1.556690000000000000e+05;2.578000000000000114e+01;1.380000000000000000e+03
1.566740000000000000e+05;2.592000000000000171e+01;1.350000000000000000e+03
1.576770000000000000e+05;2.592000000000000171e+01;1.380000000000000000e+03
1.586790000000000000e+05;2.569999999999999929e+01;1.350000000000000000e+03
1.596830000000000000e+05;2.592000000000000171e+01;1.380000000000000000e+03
1.606870000000000000e+05;2.578000000000000114e+01;1.380000000000000000e+03
1.616910000000000000e+05;2.569999999999999929e+01;1.350000000000000000e+03
1.626960000000000000e+05;2.578000000000000114e+01;1.380000000000000000e+03
1.637000000000000000e+05;2.578000000000000114e+01;1.350000000000000000e+03
1.647040000000000000e+05;2.578000000000000114e+01;1.380000000000000000e+03
1.657080000000000000e+05;2.578000000000000114e+01;1.350000000000000000e+03
1.667130000000000000e+05;2.614999999999999858e+01;1.380000000000000000e+03
1.677170000000000000e+05;2.592000000000000171e+01;1.350000000000000000e+03
1.687210000000000000e+05;2.592000000000000171e+01;1.350000000000000000e+03
1.697250000000000000e+05;2.541000000000000014e+01;1.380000000000000000e+03
1.707300000000000000e+05;2.592000000000000171e+01;1.350000000000000000e+03
1.717350000000000000e+05;2.600000000000000000e+01;1.380000000000000000e+03
1.727380000000000000e+05;2.578000000000000114e+01;1.350000000000000000e+03
1.737430000000000000e+05;2.578000000000000114e+01;1.380000000000000000e+03
1.747470000000000000e+05;2.592000000000000171e+01;1.350000000000000000e+03
1.757510000000000000e+05;2.578000000000000114e+01;1.380000000000000000e+03
1.767550000000000000e+05;2.578000000000000114e+01;1.350000000000000000e+03
1.777600000000000000e+05;2.569999999999999929e+01;1.380000000000000000e+03
1.787640000000000000e+05;2.607000000000000028e+01;1.350000000000000000e+03
1.797680000000000000e+05;2.578000000000000114e+01;1.380000000000000000e+03
1.807720000000000000e+05;2.592000000000000171e+01;1.350000000000000000e+03
1.817770000000000000e+05;2.592000000000000171e+01;1.380000000000000000e+03
1.827810000000000000e+05;2.585000000000000142e+01;1.380000000000000000e+03
1.837850000000000000e+05;2.585000000000000142e+01;1.350000000000000000e+03
1.847900000000000000e+05;2.585000000000000142e+01;1.380000000000000000e+03
1.857940000000000000e+05;2.569999999999999929e+01;1.350000000000000000e+03
1.867990000000000000e+05;2.600000000000000000e+01;1.380000000000000000e+03
1.878020000000000000e+05;2.585000000000000142e+01;1.350000000000000000e+03
1.888070000000000000e+05;2.585000000000000142e+01;1.380000000000000000e+03
1.898110000000000000e+05;2.578000000000000114e+01;1.350000000000000000e+03
1.908150000000000000e+05;2.592000000000000171e+01;1.380000000000000000e+03
1.918190000000000000e+05;2.592000000000000171e+01;1.350000000000000000e+03
1.928240000000000000e+05;2.585000000000000142e+01;1.380000000000000000e+03
1.938280000000000000e+05;2.569999999999999929e+01;1.380000000000000000e+03
1.948320000000000000e+05;2.585000000000000142e+01;1.350000000000000000e+03
1.958360000000000000e+05;2.578000000000000114e+01;1.380000000000000000e+03
1.968410000000000000e+05;2.585000000000000142e+01;1.350000000000000000e+03
1.978460000000000000e+05;2.585000000000000142e+01;1.380000000000000000e+03
1.988490000000000000e+05;2.592000000000000171e+01;1.350000000000000000e+03
1.998540000000000000e+05;2.578000000000000114e+01;1.380000000000000000e+03
2.008580000000000000e+05;2.578000000000000114e+01;1.380000000000000000e+03
2.018620000000000000e+05;2.578000000000000114e+01;1.350000000000000000e+03
2.028660000000000000e+05;2.578000000000000114e+01;1.380000000000000000e+03
2.038710000000000000e+05;2.592000000000000171e+01;1.350000000000000000e+03
2.048750000000000000e+05;2.578000000000000114e+01;1.380000000000000000e+03
2.058790000000000000e+05;2.578000000000000114e+01;1.380000000000000000e+03
2.068830000000000000e+05;2.585000000000000142e+01;1.350000000000000000e+03
2.078880000000000000e+05;2.578000000000000114e+01;1.380000000000000000e+03
2.088920000000000000e+05;2.585000000000000142e+01;1.350000000000000000e+03
2.098960000000000000e+05;2.585000000000000142e+01;1.380000000000000000e+03
2.109000000000000000e+05;2.569999999999999929e+01;1.380000000000000000e+03
2.119050000000000000e+05;2.578000000000000114e+01;1.350000000000000000e+03
2.129090000000000000e+05;2.532999999999999829e+01;1.380000000000000000e+03
2.139130000000000000e+05;2.592000000000000171e+01;1.350000000000000000e+03
2.149180000000000000e+05;2.569999999999999929e+01;1.380000000000000000e+03
2.159220000000000000e+05;2.592000000000000171e+01;1.350000000000000000e+03
2.169260000000000000e+05;2.555000000000000071e+01;1.380000000000000000e+03
2.179300000000000000e+05;2.585000000000000142e+01;1.350000000000000000e+03
2.189350000000000000e+05;2.569999999999999929e+01;1.380000000000000000e+03
2.199390000000000000e+05;2.569999999999999929e+01;1.380000000000000000e+03
2.209430000000000000e+05;2.592000000000000171e+01;1.350000000000000000e+03
2.219470000000000000e+05;2.585000000000000142e+01;1.380000000000000000e+03
2.229520000000000000e+05;2.578000000000000114e+01;1.350000000000000000e+03
2.239550000000000000e+05;2.592000000000000171e+01;1.380000000000000000e+03
2.249600000000000000e+05;2.578000000000000114e+01;1.350000000000000000e+03
2.259650000000000000e+05;2.585000000000000142e+01;1.380000000000000000e+03
2.269690000000000000e+05;2.585000000000000142e+01;1.350000000000000000e+03
2.279730000000000000e+05;2.578000000000000114e+01;1.380000000000000000e+03
2.289770000000000000e+05;2.585000000000000142e+01;1.350000000000000000e+03
2.299820000000000000e+05;2.569999999999999929e+01;1.380000000000000000e+03
2.309860000000000000e+05;2.555000000000000071e+01;1.350000000000000000e+03
2.319900000000000000e+05;2.614999999999999858e+01;1.380000000000000000e+03
2.329940000000000000e+05;2.592000000000000171e+01;1.350000000000000000e+03
2.339990000000000000e+05;2.585000000000000142e+01;1.350000000000000000e+03
2.350030000000000000e+05;2.592000000000000171e+01;1.380000000000000000e+03
2.360070000000000000e+05;2.592000000000000171e+01;1.350000000000000000e+03
2.370110000000000000e+05;2.555000000000000071e+01;1.380000000000000000e+03
2.380160000000000000e+05;2.569999999999999929e+01;1.350000000000000000e+03
2.390210000000000000e+05;2.585000000000000142e+01;1.380000000000000000e+03
2.400240000000000000e+05;2.578000000000000114e+01;1.350000000000000000e+03
2.410290000000000000e+05;2.600000000000000000e+01;1.380000000000000000e+03
2.420330000000000000e+05;2.600000000000000000e+01;1.350000000000000000e+03
2.430370000000000000e+05;2.569999999999999929e+01;1.380000000000000000e+03
2.440410000000000000e+05;2.578000000000000114e+01;1.350000000000000000e+03
2.450460000000000000e+05;2.592000000000000171e+01;1.380000000000000000e+03
2.460500000000000000e+05;2.592000000000000171e+01;1.350000000000000000e+03
2.470540000000000000e+05;2.578000000000000114e+01;1.380000000000000000e+03
2.480580000000000000e+05;2.569999999999999929e+01;1.380000000000000000e+03
2.490630000000000000e+05;2.585000000000000142e+01;1.350000000000000000e+03
2.500670000000000000e+05;2.585000000000000142e+01;1.380000000000000000e+03
2.510710000000000000e+05;2.585000000000000142e+01;1.350000000000000000e+03
2.520760000000000000e+05;2.726999999999999957e+01;1.380000000000000000e+03
2.530800000000000000e+05;2.585000000000000142e+01;1.350000000000000000e+03
2.540850000000000000e+05;2.592000000000000171e+01;1.380000000000000000e+03
2.550880000000000000e+05;2.592000000000000171e+01;1.350000000000000000e+03
2.560930000000000000e+05;2.607000000000000028e+01;1.380000000000000000e+03
2.570970000000000000e+05;2.600000000000000000e+01;1.350000000000000000e+03
2.581020000000000000e+05;2.600000000000000000e+01;1.380000000000000000e+03
2.591050000000000000e+05;2.585000000000000142e+01;1.350000000000000000e+03
2.601100000000000000e+05;2.614999999999999858e+01;1.380000000000000000e+03
2.611140000000000000e+05;2.585000000000000142e+01;1.350000000000000000e+03
2.621180000000000000e+05;2.585000000000000142e+01;1.380000000000000000e+03
2.631220000000000000e+05;2.682000000000000028e+01;1.350000000000000000e+03
2.641270000000000000e+05;2.585000000000000142e+01;1.380000000000000000e+03
2.651320000000000000e+05;2.600000000000000000e+01;1.350000000000000000e+03
2.661360000000000000e+05;2.585000000000000142e+01;1.350000000000000000e+03
2.671400000000000000e+05;2.585000000000000142e+01;1.380000000000000000e+03
2.681440000000000000e+05;2.592000000000000171e+01;1.350000000000000000e+03
2.691490000000000000e+05;2.592000000000000171e+01;1.380000000000000000e+03
2.701520000000000000e+05;2.614999999999999858e+01;1.350000000000000000e+03
2.711570000000000000e+05;2.569999999999999929e+01;1.350000000000000000e+03
2.721610000000000000e+05;2.607000000000000028e+01;1.380000000000000000e+03
2.731660000000000000e+05;2.607000000000000028e+01;1.350000000000000000e+03
2.741690000000000000e+05;2.569999999999999929e+01;1.380000000000000000e+03
2.751710000000000000e+05;2.607000000000000028e+01;1.350000000000000000e+03
2.761750000000000000e+05;2.578000000000000114e+01;1.350000000000000000e+03
2.771790000000000000e+05;2.585000000000000142e+01;1.380000000000000000e+03
2.781830000000000000e+05;2.585000000000000142e+01;1.350000000000000000e+03
2.791880000000000000e+05;2.585000000000000142e+01;1.380000000000000000e+03
2.801930000000000000e+05;2.607000000000000028e+01;1.350000000000000000e+03
2.811960000000000000e+05;2.607000000000000028e+01;1.380000000000000000e+03
2.822010000000000000e+05;2.592000000000000171e+01;1.350000000000000000e+03
2.832050000000000000e+05;2.592000000000000171e+01;1.380000000000000000e+03
2.842100000000000000e+05;2.592000000000000171e+01;1.350000000000000000e+03
2.852130000000000000e+05;2.614999999999999858e+01;1.350000000000000000e+03
2.862180000000000000e+05;2.592000000000000171e+01;1.380000000000000000e+03
2.872220000000000000e+05;2.614999999999999858e+01;1.350000000000000000e+03
2.882270000000000000e+05;2.578000000000000114e+01;1.380000000000000000e+03
2.892300000000000000e+05;2.600000000000000000e+01;1.350000000000000000e+03
2.902350000000000000e+05;2.578000000000000114e+01;1.350000000000000000e+03
2.912390000000000000e+05;2.569999999999999929e+01;1.380000000000000000e+03
2.922440000000000000e+05;2.578000000000000114e+01;1.350000000000000000e+03
2.932480000000000000e+05;2.757000000000000028e+01;1.380000000000000000e+03
2.942520000000000000e+05;2.600000000000000000e+01;1.350000000000000000e+03
2.952570000000000000e+05;2.600000000000000000e+01;1.350000000000000000e+03
2.962610000000000000e+05;2.600000000000000000e+01;1.380000000000000000e+03
2.972650000000000000e+05;2.592000000000000171e+01;1.380000000000000000e+03
2.982690000000000000e+05;2.592000000000000171e+01;1.350000000000000000e+03
2.992740000000000000e+05;2.682000000000000028e+01;1.380000000000000000e+03
3.002780000000000000e+05;2.585000000000000142e+01;1.350000000000000000e+03
3.012820000000000000e+05;2.600000000000000000e+01;1.380000000000000000e+03
3.022860000000000000e+05;2.614999999999999858e+01;1.350000000000000000e+03
3.032910000000000000e+05;2.607000000000000028e+01;1.380000000000000000e+03
3.042950000000000000e+05;2.614999999999999858e+01;1.350000000000000000e+03
