1.200000000000000000e+01;4.761904000000000087e+04;4.035000000000000142e+01
5.260000000000000000e+02;4.847605000000000291e+04;4.025000000000000000e+01
1.041000000000000000e+03;4.783237000000000262e+04;4.035000000000000142e+01
1.556000000000000000e+03;4.719423999999999796e+04;4.035000000000000142e+01
2.071000000000000000e+03;4.826087000000000262e+04;4.045000000000000284e+01
2.586000000000000000e+03;4.783237000000000262e+04;4.035000000000000142e+01
3.102000000000000000e+03;4.740633999999999651e+04;4.045000000000000284e+01
3.617000000000000000e+03;4.698275000000000000e+04;4.045000000000000284e+01
4.132000000000000000e+03;4.740633999999999651e+04;4.045000000000000284e+01
4.647000000000000000e+03;4.783237000000000262e+04;4.045000000000000284e+01
5.163000000000000000e+03;4.740633999999999651e+04;4.045000000000000284e+01
5.678000000000000000e+03;4.677187999999999738e+04;4.054999999999999716e+01
6.193000000000000000e+03;4.761904000000000087e+04;4.054999999999999716e+01
6.708000000000000000e+03;4.783237000000000262e+04;4.054999999999999716e+01
7.223000000000000000e+03;4.761904000000000087e+04;4.054999999999999716e+01
7.738000000000000000e+03;4.783237000000000262e+04;4.054999999999999716e+01
8.253000000000000000e+03;4.677187999999999738e+04;4.054999999999999716e+01
8.768000000000000000e+03;4.719423999999999796e+04;4.054999999999999716e+01
9.283000000000000000e+03;4.740633999999999651e+04;4.054999999999999716e+01
9.798000000000000000e+03;4.635193000000000029e+04;4.064999999999999858e+01
1.031300000000000000e+04;4.698275000000000000e+04;4.054999999999999716e+01
1.082800000000000000e+04;4.761904000000000087e+04;4.064999999999999858e+01
1.134300000000000000e+04;4.740633999999999651e+04;4.064999999999999858e+01
1.185800000000000000e+04;4.719423999999999796e+04;4.054999999999999716e+01
1.237400000000000000e+04;4.719423999999999796e+04;4.064999999999999858e+01
1.288900000000000000e+04;4.677187999999999738e+04;4.064999999999999858e+01
1.340400000000000000e+04;4.698275000000000000e+04;4.064999999999999858e+01
1.391900000000000000e+04;4.761904000000000087e+04;4.064999999999999858e+01
1.443400000000000000e+04;4.614284999999999854e+04;4.064999999999999858e+01
1.494900000000000000e+04;4.698275000000000000e+04;4.075999999999999801e+01
1.546400000000000000e+04;4.761904000000000087e+04;4.075999999999999801e+01
1.598000000000000000e+04;4.783237000000000262e+04;4.075999999999999801e+01
1.649500000000000000e+04;4.614284999999999854e+04;4.075999999999999801e+01
1.701000000000000000e+04;4.656159999999999854e+04;4.085999999999999943e+01
1.752500000000000000e+04;4.677187999999999738e+04;4.085999999999999943e+01
1.804000000000000000e+04;4.740633999999999651e+04;4.075999999999999801e+01
1.855500000000000000e+04;4.677187999999999738e+04;4.085999999999999943e+01
1.907000000000000000e+04;4.635193000000000029e+04;4.075999999999999801e+01
1.958600000000000000e+04;4.698275000000000000e+04;4.085999999999999943e+01
2.010100000000000000e+04;4.719423999999999796e+04;4.085999999999999943e+01
2.061600000000000000e+04;4.635193000000000029e+04;4.085999999999999943e+01
2.113100000000000000e+04;4.614284999999999854e+04;4.085999999999999943e+01
2.164600000000000000e+04;4.656159999999999854e+04;4.096000000000000085e+01
2.216100000000000000e+04;4.719423999999999796e+04;4.096000000000000085e+01
2.267600000000000000e+04;4.698275000000000000e+04;4.096000000000000085e+01
2.319100000000000000e+04;4.593437999999999738e+04;4.096000000000000085e+01
2.370600000000000000e+04;4.635193000000000029e+04;4.096000000000000085e+01
2.422100000000000000e+04;4.677187999999999738e+04;4.096000000000000085e+01
2.473600000000000000e+04;4.656159999999999854e+04;4.096000000000000085e+01
2.525100000000000000e+04;4.614284999999999854e+04;4.096000000000000085e+01
2.576700000000000000e+04;4.656159999999999854e+04;4.096000000000000085e+01
2.628300000000000000e+04;4.698275000000000000e+04;4.096000000000000085e+01
2.679800000000000000e+04;4.677187999999999738e+04;4.085999999999999943e+01
2.731300000000000000e+04;4.614284999999999854e+04;4.096000000000000085e+01
2.782800000000000000e+04;4.572648999999999796e+04;4.106000000000000227e+01
2.834300000000000000e+04;4.677187999999999738e+04;4.096000000000000085e+01
2.885800000000000000e+04;4.677187999999999738e+04;4.106000000000000227e+01
2.937300000000000000e+04;4.635193000000000029e+04;4.106000000000000227e+01
2.988800000000000000e+04;4.572648999999999796e+04;4.106000000000000227e+01
3.040300000000000000e+04;4.635193000000000029e+04;4.106000000000000227e+01
3.091800000000000000e+04;4.719423999999999796e+04;4.106000000000000227e+01
3.143300000000000000e+04;4.614284999999999854e+04;4.096000000000000085e+01
3.194800000000000000e+04;4.593437999999999738e+04;4.106000000000000227e+01
3.246300000000000000e+04;4.572648999999999796e+04;4.106000000000000227e+01
3.297800000000000000e+04;4.656159999999999854e+04;4.117000000000000171e+01
3.349400000000000000e+04;4.656159999999999854e+04;4.106000000000000227e+01
3.400900000000000000e+04;4.614284999999999854e+04;4.106000000000000227e+01
3.452400000000000000e+04;4.635193000000000029e+04;4.117000000000000171e+01
3.503900000000000000e+04;4.677187999999999738e+04;4.117000000000000171e+01
3.555500000000000000e+04;4.635193000000000029e+04;4.106000000000000227e+01
3.607000000000000000e+04;4.593437999999999738e+04;4.106000000000000227e+01
3.658500000000000000e+04;4.531250000000000000e+04;4.117000000000000171e+01
3.710000000000000000e+04;4.614284999999999854e+04;4.117000000000000171e+01
3.761500000000000000e+04;4.677187999999999738e+04;4.117000000000000171e+01
3.813000000000000000e+04;4.635193000000000029e+04;4.106000000000000227e+01
3.864500000000000000e+04;4.593437999999999738e+04;4.106000000000000227e+01
3.916000000000000000e+04;4.656159999999999854e+04;4.106000000000000227e+01
3.967500000000000000e+04;4.614284999999999854e+04;4.106000000000000227e+01
4.019000000000000000e+04;4.593437999999999738e+04;4.106000000000000227e+01
4.070600000000000000e+04;4.551920999999999913e+04;4.106000000000000227e+01
4.122100000000000000e+04;4.614284999999999854e+04;4.117000000000000171e+01
4.173600000000000000e+04;4.656159999999999854e+04;4.117000000000000171e+01
4.225100000000000000e+04;4.635193000000000029e+04;4.117000000000000171e+01
4.276600000000000000e+04;4.551920999999999913e+04;4.117000000000000171e+01
4.328100000000000000e+04;4.635193000000000029e+04;4.117000000000000171e+01
4.379600000000000000e+04;4.698275000000000000e+04;4.117000000000000171e+01
4.431100000000000000e+04;4.593437999999999738e+04;4.117000000000000171e+01
4.482600000000000000e+04;4.593437999999999738e+04;4.117000000000000171e+01
4.534100000000000000e+04;4.635193000000000029e+04;4.117000000000000171e+01
4.585700000000000000e+04;4.656159999999999854e+04;4.117000000000000171e+01
4.637200000000000000e+04;4.635193000000000029e+04;4.117000000000000171e+01
4.688700000000000000e+04;4.614284999999999854e+04;4.117000000000000171e+01
4.740300000000000000e+04;4.593437999999999738e+04;4.117000000000000171e+01
4.791800000000000000e+04;4.635193000000000029e+04;4.117000000000000171e+01
4.843300000000000000e+04;4.572648999999999796e+04;4.117000000000000171e+01
4.894800000000000000e+04;4.572648999999999796e+04;4.117000000000000171e+01
4.946300000000000000e+04;4.593437999999999738e+04;4.117000000000000171e+01
4.997800000000000000e+04;4.635193000000000029e+04;4.117000000000000171e+01
5.049300000000000000e+04;4.656159999999999854e+04;4.117000000000000171e+01
5.100800000000000000e+04;4.614284999999999854e+04;4.117000000000000171e+01
5.152300000000000000e+04;4.614284999999999854e+04;4.117000000000000171e+01
5.203800000000000000e+04;4.740633999999999651e+04;4.117000000000000171e+01
5.255300000000000000e+04;4.656159999999999854e+04;4.117000000000000171e+01
5.306800000000000000e+04;4.593437999999999738e+04;4.117000000000000171e+01
5.358300000000000000e+04;4.551920999999999913e+04;4.127000000000000313e+01
5.409800000000000000e+04;4.677187999999999738e+04;4.117000000000000171e+01
5.461500000000000000e+04;4.635193000000000029e+04;4.117000000000000171e+01
5.513000000000000000e+04;4.635193000000000029e+04;4.117000000000000171e+01
5.564500000000000000e+04;4.593437999999999738e+04;4.117000000000000171e+01
5.616000000000000000e+04;4.614284999999999854e+04;4.127000000000000313e+01
5.667500000000000000e+04;4.698275000000000000e+04;4.117000000000000171e+01
5.719000000000000000e+04;4.656159999999999854e+04;4.117000000000000171e+01
5.770500000000000000e+04;4.593437999999999738e+04;4.127000000000000313e+01
5.822000000000000000e+04;4.656159999999999854e+04;4.117000000000000171e+01
5.873500000000000000e+04;4.677187999999999738e+04;4.117000000000000171e+01
5.925000000000000000e+04;4.635193000000000029e+04;4.117000000000000171e+01
5.976500000000000000e+04;4.572648999999999796e+04;4.127000000000000313e+01
6.028000000000000000e+04;4.677187999999999738e+04;4.117000000000000171e+01
6.079500000000000000e+04;4.719423999999999796e+04;4.127000000000000313e+01
6.131000000000000000e+04;4.614284999999999854e+04;4.117000000000000171e+01
6.182600000000000000e+04;4.593437999999999738e+04;4.117000000000000171e+01
6.234100000000000000e+04;4.698275000000000000e+04;4.117000000000000171e+01
6.285600000000000000e+04;4.698275000000000000e+04;4.127000000000000313e+01
6.337200000000000000e+04;4.656159999999999854e+04;4.106000000000000227e+01
6.388700000000000000e+04;4.572648999999999796e+04;4.117000000000000171e+01
6.440200000000000000e+04;4.677187999999999738e+04;4.106000000000000227e+01
6.491700000000000000e+04;4.740633999999999651e+04;4.117000000000000171e+01
6.543200000000000000e+04;4.656159999999999854e+04;4.106000000000000227e+01
6.594700000000000000e+04;4.635193000000000029e+04;4.106000000000000227e+01
6.646200000000000000e+04;4.698275000000000000e+04;4.117000000000000171e+01
6.697700000000000000e+04;4.719423999999999796e+04;4.096000000000000085e+01
6.749200000000000000e+04;4.677187999999999738e+04;4.117000000000000171e+01
6.800700000000000000e+04;4.656159999999999854e+04;4.106000000000000227e+01
6.852300000000000000e+04;4.719423999999999796e+04;4.106000000000000227e+01
6.903800000000000000e+04;4.719423999999999796e+04;4.117000000000000171e+01
6.955300000000000000e+04;4.635193000000000029e+04;4.117000000000000171e+01
7.006800000000000000e+04;4.740633999999999651e+04;4.106000000000000227e+01
7.058300000000000000e+04;4.677187999999999738e+04;4.117000000000000171e+01
7.109800000000000000e+04;4.740633999999999651e+04;4.117000000000000171e+01
7.161400000000000000e+04;4.761904000000000087e+04;4.106000000000000227e+01
7.212900000000000000e+04;4.698275000000000000e+04;4.106000000000000227e+01
7.264400000000000000e+04;4.656159999999999854e+04;4.106000000000000227e+01
7.315900000000000000e+04;4.761904000000000087e+04;4.117000000000000171e+01
7.367400000000000000e+04;4.719423999999999796e+04;4.117000000000000171e+01
7.418900000000000000e+04;4.677187999999999738e+04;4.106000000000000227e+01
7.470400000000000000e+04;4.656159999999999854e+04;4.106000000000000227e+01
7.521900000000000000e+04;4.761904000000000087e+04;4.106000000000000227e+01
7.573500000000000000e+04;4.740633999999999651e+04;4.106000000000000227e+01
7.625000000000000000e+04;4.614284999999999854e+04;4.106000000000000227e+01
7.676500000000000000e+04;4.677187999999999738e+04;4.106000000000000227e+01
7.728000000000000000e+04;4.783237000000000262e+04;4.106000000000000227e+01
7.779500000000000000e+04;4.783237000000000262e+04;4.106000000000000227e+01
7.831000000000000000e+04;4.698275000000000000e+04;4.106000000000000227e+01
7.882500000000000000e+04;4.677187999999999738e+04;4.106000000000000227e+01
7.934000000000000000e+04;4.783237000000000262e+04;4.106000000000000227e+01
7.985500000000000000e+04;4.804631999999999971e+04;4.106000000000000227e+01
8.037000000000000000e+04;4.740633999999999651e+04;4.096000000000000085e+01
8.088500000000000000e+04;4.698275000000000000e+04;4.096000000000000085e+01
8.140100000000000000e+04;4.761904000000000087e+04;4.096000000000000085e+01
8.191600000000000000e+04;4.804631999999999971e+04;4.096000000000000085e+01
8.243200000000000000e+04;4.740633999999999651e+04;4.096000000000000085e+01
8.294700000000000000e+04;4.656159999999999854e+04;4.096000000000000085e+01
8.346200000000000000e+04;4.761904000000000087e+04;4.096000000000000085e+01
8.397700000000000000e+04;4.783237000000000262e+04;4.096000000000000085e+01
8.449200000000000000e+04;4.783237000000000262e+04;4.096000000000000085e+01
8.500700000000000000e+04;4.698275000000000000e+04;4.106000000000000227e+01
8.552200000000000000e+04;4.740633999999999651e+04;4.096000000000000085e+01
8.603700000000000000e+04;4.826087000000000262e+04;4.085999999999999943e+01
8.655200000000000000e+04;4.804631999999999971e+04;4.096000000000000085e+01
8.706700000000000000e+04;4.740633999999999651e+04;4.096000000000000085e+01
8.758200000000000000e+04;4.698275000000000000e+04;4.096000000000000085e+01
8.809700000000000000e+04;4.804631999999999971e+04;4.096000000000000085e+01
8.861200000000000000e+04;4.847605000000000291e+04;4.106000000000000227e+01
8.912700000000000000e+04;4.761904000000000087e+04;4.085999999999999943e+01
8.964300000000000000e+04;4.783237000000000262e+04;4.085999999999999943e+01
9.015800000000000000e+04;4.847605000000000291e+04;4.085999999999999943e+01
9.067400000000000000e+04;4.847605000000000291e+04;4.085999999999999943e+01
9.118900000000000000e+04;4.783237000000000262e+04;4.085999999999999943e+01
9.170400000000000000e+04;4.761904000000000087e+04;4.085999999999999943e+01
9.221900000000000000e+04;4.847605000000000291e+04;4.085999999999999943e+01
9.273400000000000000e+04;4.890829000000000087e+04;4.085999999999999943e+01
9.324900000000000000e+04;4.783237000000000262e+04;4.085999999999999943e+01
9.376400000000000000e+04;4.761904000000000087e+04;4.085999999999999943e+01
9.427900000000000000e+04;4.869184999999999854e+04;4.085999999999999943e+01
9.479400000000000000e+04;4.890829000000000087e+04;4.075999999999999801e+01
9.530900000000000000e+04;4.826087000000000262e+04;4.085999999999999943e+01
9.582400000000000000e+04;4.804631999999999971e+04;4.075999999999999801e+01
9.633900000000000000e+04;4.826087000000000262e+04;4.075999999999999801e+01
9.685500000000000000e+04;4.869184999999999854e+04;4.075999999999999801e+01
9.737000000000000000e+04;4.869184999999999854e+04;4.075999999999999801e+01
9.788500000000000000e+04;4.847605000000000291e+04;4.075999999999999801e+01
9.840000000000000000e+04;4.826087000000000262e+04;4.075999999999999801e+01
9.891600000000000000e+04;4.890829000000000087e+04;4.075999999999999801e+01
9.943100000000000000e+04;4.847605000000000291e+04;4.075999999999999801e+01
9.994600000000000000e+04;4.826087000000000262e+04;4.075999999999999801e+01
1.004610000000000000e+05;4.826087000000000262e+04;4.075999999999999801e+01
1.009760000000000000e+05;4.912536000000000058e+04;4.064999999999999858e+01
1.014910000000000000e+05;4.934305999999999767e+04;4.075999999999999801e+01
1.020060000000000000e+05;4.826087000000000262e+04;4.075999999999999801e+01
1.025210000000000000e+05;4.847605000000000291e+04;4.064999999999999858e+01
1.030360000000000000e+05;4.890829000000000087e+04;4.075999999999999801e+01
1.035520000000000000e+05;4.934305999999999767e+04;4.064999999999999858e+01
1.040680000000000000e+05;4.978037999999999738e+04;4.075999999999999801e+01
1.045830000000000000e+05;4.847605000000000291e+04;4.064999999999999858e+01
1.050980000000000000e+05;4.869184999999999854e+04;4.064999999999999858e+01
1.056130000000000000e+05;4.934305999999999767e+04;4.064999999999999858e+01
1.061280000000000000e+05;4.912536000000000058e+04;4.064999999999999858e+01
1.066430000000000000e+05;4.847605000000000291e+04;4.064999999999999858e+01
1.071580000000000000e+05;4.847605000000000291e+04;4.054999999999999716e+01
1.076730000000000000e+05;4.934305999999999767e+04;4.054999999999999716e+01
1.081890000000000000e+05;4.890829000000000087e+04;4.054999999999999716e+01
1.087040000000000000e+05;4.890829000000000087e+04;4.054999999999999716e+01
1.092190000000000000e+05;4.847605000000000291e+04;4.054999999999999716e+01
1.097340000000000000e+05;4.934305999999999767e+04;4.054999999999999716e+01
1.102490000000000000e+05;4.956141000000000349e+04;4.054999999999999716e+01
1.107650000000000000e+05;4.934305999999999767e+04;4.054999999999999716e+01
1.112800000000000000e+05;4.847605000000000291e+04;4.045000000000000284e+01
1.117950000000000000e+05;4.934305999999999767e+04;4.054999999999999716e+01
1.123100000000000000e+05;5.022026000000000204e+04;4.045000000000000284e+01
1.128260000000000000e+05;4.956141000000000349e+04;4.045000000000000284e+01
1.133410000000000000e+05;4.890829000000000087e+04;4.054999999999999716e+01
1.138560000000000000e+05;4.890829000000000087e+04;4.045000000000000284e+01
1.143710000000000000e+05;4.978037999999999738e+04;4.045000000000000284e+01
1.148860000000000000e+05;4.956141000000000349e+04;4.045000000000000284e+01
1.154010000000000000e+05;4.912536000000000058e+04;4.045000000000000284e+01
1.159160000000000000e+05;4.890829000000000087e+04;4.045000000000000284e+01
1.164310000000000000e+05;5.000000000000000000e+04;4.035000000000000142e+01
1.169460000000000000e+05;5.000000000000000000e+04;4.045000000000000284e+01
1.174620000000000000e+05;4.912536000000000058e+04;4.035000000000000142e+01
1.179780000000000000e+05;4.934305999999999767e+04;4.035000000000000142e+01
1.184930000000000000e+05;4.978037999999999738e+04;4.035000000000000142e+01
1.190080000000000000e+05;5.022026000000000204e+04;4.045000000000000284e+01
1.195230000000000000e+05;5.000000000000000000e+04;4.045000000000000284e+01
1.200380000000000000e+05;4.912536000000000058e+04;4.025000000000000000e+01
1.205530000000000000e+05;5.022026000000000204e+04;4.035000000000000142e+01
1.210680000000000000e+05;5.022026000000000204e+04;4.035000000000000142e+01
1.215830000000000000e+05;5.000000000000000000e+04;4.035000000000000142e+01
1.220980000000000000e+05;4.912536000000000058e+04;4.035000000000000142e+01
1.226130000000000000e+05;4.956141000000000349e+04;4.025000000000000000e+01
1.231280000000000000e+05;5.022026000000000204e+04;4.035000000000000142e+01
1.236440000000000000e+05;4.978037999999999738e+04;4.025000000000000000e+01
1.241600000000000000e+05;5.000000000000000000e+04;4.025000000000000000e+01
1.246750000000000000e+05;4.956141000000000349e+04;4.035000000000000142e+01
1.251900000000000000e+05;5.022026000000000204e+04;4.025000000000000000e+01
1.257050000000000000e+05;5.044118000000000029e+04;4.025000000000000000e+01
1.262200000000000000e+05;4.978037999999999738e+04;4.025000000000000000e+01
1.267350000000000000e+05;4.934305999999999767e+04;4.014999999999999858e+01
1.272500000000000000e+05;4.956141000000000349e+04;4.014999999999999858e+01
1.277650000000000000e+05;5.110781999999999971e+04;4.014999999999999858e+01
1.282800000000000000e+05;5.044118000000000029e+04;4.014999999999999858e+01
1.287950000000000000e+05;4.956141000000000349e+04;4.014999999999999858e+01
1.293100000000000000e+05;5.044118000000000029e+04;4.025000000000000000e+01
1.298250000000000000e+05;5.066273999999999796e+04;4.014999999999999858e+01
1.303410000000000000e+05;5.022026000000000204e+04;4.014999999999999858e+01
1.308560000000000000e+05;4.978037999999999738e+04;4.014999999999999858e+01
1.313720000000000000e+05;4.978037999999999738e+04;4.014999999999999858e+01
1.318870000000000000e+05;5.044118000000000029e+04;4.003999999999999915e+01
1.324020000000000000e+05;5.088494999999999709e+04;4.014999999999999858e+01
1.329170000000000000e+05;5.022026000000000204e+04;4.003999999999999915e+01
1.334320000000000000e+05;5.044118000000000029e+04;4.003999999999999915e+01
1.339470000000000000e+05;5.066273999999999796e+04;4.003999999999999915e+01
1.344620000000000000e+05;5.088494999999999709e+04;4.003999999999999915e+01
1.349770000000000000e+05;5.044118000000000029e+04;4.003999999999999915e+01
1.354920000000000000e+05;4.978037999999999738e+04;4.003999999999999915e+01
1.360070000000000000e+05;5.088494999999999709e+04;4.003999999999999915e+01
1.365220000000000000e+05;5.088494999999999709e+04;4.003999999999999915e+01
1.370370000000000000e+05;5.110781999999999971e+04;4.003999999999999915e+01
1.375530000000000000e+05;5.022026000000000204e+04;3.984000000000000341e+01
1.380680000000000000e+05;5.044118000000000029e+04;3.993999999999999773e+01
1.385840000000000000e+05;5.155555000000000291e+04;3.993999999999999773e+01
1.390990000000000000e+05;5.088494999999999709e+04;3.984000000000000341e+01
1.396140000000000000e+05;5.044118000000000029e+04;3.993999999999999773e+01
1.401290000000000000e+05;5.044118000000000029e+04;3.993999999999999773e+01
1.406440000000000000e+05;5.088494999999999709e+04;3.993999999999999773e+01
1.411590000000000000e+05;5.200594000000000233e+04;3.993999999999999773e+01
1.416740000000000000e+05;5.088494999999999709e+04;3.984000000000000341e+01
1.421890000000000000e+05;5.044118000000000029e+04;3.984000000000000341e+01
1.427050000000000000e+05;5.088494999999999709e+04;3.984000000000000341e+01
1.432200000000000000e+05;5.133136000000000058e+04;3.993999999999999773e+01
1.437350000000000000e+05;5.133136000000000058e+04;3.984000000000000341e+01
1.442500000000000000e+05;5.110781999999999971e+04;3.984000000000000341e+01
1.447650000000000000e+05;5.066273999999999796e+04;3.984000000000000341e+01
1.452810000000000000e+05;5.155555000000000291e+04;3.984000000000000341e+01
1.457960000000000000e+05;5.155555000000000291e+04;3.974000000000000199e+01
1.463110000000000000e+05;5.110781999999999971e+04;3.974000000000000199e+01
1.468260000000000000e+05;5.044118000000000029e+04;3.974000000000000199e+01
1.473410000000000000e+05;5.133136000000000058e+04;3.974000000000000199e+01
1.478570000000000000e+05;5.200594000000000233e+04;3.974000000000000199e+01
1.483720000000000000e+05;5.155555000000000291e+04;3.974000000000000199e+01
1.488870000000000000e+05;5.110781999999999971e+04;3.974000000000000199e+01
1.494020000000000000e+05;5.133136000000000058e+04;3.964000000000000057e+01
1.499170000000000000e+05;5.178041000000000349e+04;3.974000000000000199e+01
1.504320000000000000e+05;5.155555000000000291e+04;3.964000000000000057e+01
1.509470000000000000e+05;5.088494999999999709e+04;3.964000000000000057e+01
1.514620000000000000e+05;5.088494999999999709e+04;3.964000000000000057e+01
1.519790000000000000e+05;5.200594000000000233e+04;3.964000000000000057e+01
1.524940000000000000e+05;5.223213999999999942e+04;3.964000000000000057e+01
1.530090000000000000e+05;5.178041000000000349e+04;3.964000000000000057e+01
1.535240000000000000e+05;5.066273999999999796e+04;3.964000000000000057e+01
1.540390000000000000e+05;5.178041000000000349e+04;3.964000000000000057e+01
1.545540000000000000e+05;5.223213999999999942e+04;3.953999999999999915e+01
1.550690000000000000e+05;5.178041000000000349e+04;3.953999999999999915e+01
1.555840000000000000e+05;5.044118000000000029e+04;3.964000000000000057e+01
1.560990000000000000e+05;5.133136000000000058e+04;3.964000000000000057e+01
1.566150000000000000e+05;5.223213999999999942e+04;3.953999999999999915e+01
1.571300000000000000e+05;5.223213999999999942e+04;3.953999999999999915e+01
1.576450000000000000e+05;5.155555000000000291e+04;3.943999999999999773e+01
1.581600000000000000e+05;5.178041000000000349e+04;3.953999999999999915e+01
1.586750000000000000e+05;5.245901000000000204e+04;3.943999999999999773e+01
1.591910000000000000e+05;5.268656999999999971e+04;3.943999999999999773e+01
1.597060000000000000e+05;5.178041000000000349e+04;3.953999999999999915e+01
1.602210000000000000e+05;5.155555000000000291e+04;3.953999999999999915e+01
1.607360000000000000e+05;5.178041000000000349e+04;3.943999999999999773e+01
1.612520000000000000e+05;5.268656999999999971e+04;3.953999999999999915e+01
1.617670000000000000e+05;5.200594000000000233e+04;3.943999999999999773e+01
1.622820000000000000e+05;5.200594000000000233e+04;3.943999999999999773e+01
1.627970000000000000e+05;5.133136000000000058e+04;3.934000000000000341e+01
1.633120000000000000e+05;5.268656999999999971e+04;3.934000000000000341e+01
1.638270000000000000e+05;5.245901000000000204e+04;3.943999999999999773e+01
1.643420000000000000e+05;5.200594000000000233e+04;3.934000000000000341e+01
1.648570000000000000e+05;5.155555000000000291e+04;3.934000000000000341e+01
1.653720000000000000e+05;5.268656999999999971e+04;3.934000000000000341e+01
1.658880000000000000e+05;5.291480000000000291e+04;3.934000000000000341e+01
1.664040000000000000e+05;5.200594000000000233e+04;3.934000000000000341e+01
1.669190000000000000e+05;5.155555000000000291e+04;3.924000000000000199e+01
1.674340000000000000e+05;5.268656999999999971e+04;3.924000000000000199e+01
1.679490000000000000e+05;5.337330999999999767e+04;3.934000000000000341e+01
1.684640000000000000e+05;5.268656999999999971e+04;3.924000000000000199e+01
1.689790000000000000e+05;5.178041000000000349e+04;3.934000000000000341e+01
1.694940000000000000e+05;5.268656999999999971e+04;3.924000000000000199e+01
1.700090000000000000e+05;5.314370999999999913e+04;3.924000000000000199e+01
1.705240000000000000e+05;5.291480000000000291e+04;3.924000000000000199e+01
1.710400000000000000e+05;5.178041000000000349e+04;3.924000000000000199e+01
1.715550000000000000e+05;5.178041000000000349e+04;3.924000000000000199e+01
1.720700000000000000e+05;5.337330999999999767e+04;3.924000000000000199e+01
1.725850000000000000e+05;5.314370999999999913e+04;3.914999999999999858e+01
1.731010000000000000e+05;5.223213999999999942e+04;3.914999999999999858e+01
1.736160000000000000e+05;5.223213999999999942e+04;3.914999999999999858e+01
1.741310000000000000e+05;5.337330999999999767e+04;3.914999999999999858e+01
1.746460000000000000e+05;5.314370999999999913e+04;3.914999999999999858e+01
1.751610000000000000e+05;5.314370999999999913e+04;3.914999999999999858e+01
1.756770000000000000e+05;5.223213999999999942e+04;3.904999999999999716e+01
1.761920000000000000e+05;5.314370999999999913e+04;3.914999999999999858e+01
1.767070000000000000e+05;5.337330999999999767e+04;3.914999999999999858e+01
1.772220000000000000e+05;5.268656999999999971e+04;3.904999999999999716e+01
1.777370000000000000e+05;5.268656999999999971e+04;3.904999999999999716e+01
1.782520000000000000e+05;5.337330999999999767e+04;3.914999999999999858e+01
1.787670000000000000e+05;5.314370999999999913e+04;3.904999999999999716e+01
1.792820000000000000e+05;5.337330999999999767e+04;3.904999999999999716e+01
1.797980000000000000e+05;5.245901000000000204e+04;3.914999999999999858e+01
1.803130000000000000e+05;5.360359999999999854e+04;3.904999999999999716e+01
1.808290000000000000e+05;5.360359999999999854e+04;3.904999999999999716e+01
1.813440000000000000e+05;5.291480000000000291e+04;3.895000000000000284e+01
1.818590000000000000e+05;5.291480000000000291e+04;3.895000000000000284e+01
1.823740000000000000e+05;5.406626000000000204e+04;3.895000000000000284e+01
1.828890000000000000e+05;5.406626000000000204e+04;3.895000000000000284e+01
1.834040000000000000e+05;5.406626000000000204e+04;3.895000000000000284e+01
1.839190000000000000e+05;5.268656999999999971e+04;3.895000000000000284e+01
1.844340000000000000e+05;5.337330999999999767e+04;3.895000000000000284e+01
1.849490000000000000e+05;5.406626000000000204e+04;3.895000000000000284e+01
1.854640000000000000e+05;5.383458000000000175e+04;3.885000000000000142e+01
1.859790000000000000e+05;5.268656999999999971e+04;3.885000000000000142e+01
1.864960000000000000e+05;5.314370999999999913e+04;3.875000000000000000e+01
1.870110000000000000e+05;5.383458000000000175e+04;3.885000000000000142e+01
1.875260000000000000e+05;5.360359999999999854e+04;3.885000000000000142e+01
1.880410000000000000e+05;5.314370999999999913e+04;3.885000000000000142e+01
1.885560000000000000e+05;5.291480000000000291e+04;3.885000000000000142e+01
1.890710000000000000e+05;5.429863999999999942e+04;3.885000000000000142e+01
1.895860000000000000e+05;5.383458000000000175e+04;3.885000000000000142e+01
1.901010000000000000e+05;5.314370999999999913e+04;3.885000000000000142e+01
1.906160000000000000e+05;5.314370999999999913e+04;3.875000000000000000e+01
1.911310000000000000e+05;5.383458000000000175e+04;3.875000000000000000e+01
1.916470000000000000e+05;5.429863999999999942e+04;3.875000000000000000e+01
1.921620000000000000e+05;5.360359999999999854e+04;3.875000000000000000e+01
1.926770000000000000e+05;5.314370999999999913e+04;3.875000000000000000e+01
1.931920000000000000e+05;5.383458000000000175e+04;3.875000000000000000e+01
1.937080000000000000e+05;5.476551000000000204e+04;3.864999999999999858e+01
1.942230000000000000e+05;5.383458000000000175e+04;3.864999999999999858e+01
1.947380000000000000e+05;5.337330999999999767e+04;3.864999999999999858e+01
1.952530000000000000e+05;5.406626000000000204e+04;3.864999999999999858e+01
1.957680000000000000e+05;5.453172000000000116e+04;3.875000000000000000e+01
1.962830000000000000e+05;5.291480000000000291e+04;3.864999999999999858e+01
1.967980000000000000e+05;5.453172000000000116e+04;3.864999999999999858e+01
1.973140000000000000e+05;5.383458000000000175e+04;3.864999999999999858e+01
1.978290000000000000e+05;5.476551000000000204e+04;3.864999999999999858e+01
1.983440000000000000e+05;5.453172000000000116e+04;3.856000000000000227e+01
1.988590000000000000e+05;5.383458000000000175e+04;3.856000000000000227e+01
1.993740000000000000e+05;5.453172000000000116e+04;3.856000000000000227e+01
1.998890000000000000e+05;5.476551000000000204e+04;3.856000000000000227e+01
2.004040000000000000e+05;5.476551000000000204e+04;3.864999999999999858e+01
2.009200000000000000e+05;5.383458000000000175e+04;3.856000000000000227e+01
2.014350000000000000e+05;5.500000000000000000e+04;3.856000000000000227e+01
2.019500000000000000e+05;5.476551000000000204e+04;3.856000000000000227e+01
2.024660000000000000e+05;5.500000000000000000e+04;3.856000000000000227e+01
2.029810000000000000e+05;5.429863999999999942e+04;3.856000000000000227e+01
2.034960000000000000e+05;5.406626000000000204e+04;3.846000000000000085e+01
2.040110000000000000e+05;5.476551000000000204e+04;3.846000000000000085e+01
2.045260000000000000e+05;5.500000000000000000e+04;3.846000000000000085e+01
2.050410000000000000e+05;5.476551000000000204e+04;3.846000000000000085e+01
2.055560000000000000e+05;5.383458000000000175e+04;3.846000000000000085e+01
2.060710000000000000e+05;5.547112000000000262e+04;3.846000000000000085e+01
2.065860000000000000e+05;5.476551000000000204e+04;3.846000000000000085e+01
2.071010000000000000e+05;5.476551000000000204e+04;3.846000000000000085e+01
2.076170000000000000e+05;5.406626000000000204e+04;3.846000000000000085e+01
2.081330000000000000e+05;5.500000000000000000e+04;3.835999999999999943e+01
2.086480000000000000e+05;5.500000000000000000e+04;3.835999999999999943e+01
2.091630000000000000e+05;5.476551000000000204e+04;3.835999999999999943e+01
2.096780000000000000e+05;5.453172000000000116e+04;3.835999999999999943e+01
2.101930000000000000e+05;5.453172000000000116e+04;3.835999999999999943e+01
2.107080000000000000e+05;5.500000000000000000e+04;3.835999999999999943e+01
2.112230000000000000e+05;5.547112000000000262e+04;3.835999999999999943e+01
2.117380000000000000e+05;5.429863999999999942e+04;3.825999999999999801e+01
2.122530000000000000e+05;5.429863999999999942e+04;3.835999999999999943e+01
2.127680000000000000e+05;5.523520999999999913e+04;3.825999999999999801e+01
2.132830000000000000e+05;5.547112000000000262e+04;3.825999999999999801e+01
2.137980000000000000e+05;5.500000000000000000e+04;3.835999999999999943e+01
2.143150000000000000e+05;5.453172000000000116e+04;3.825999999999999801e+01
2.148300000000000000e+05;5.523520999999999913e+04;3.825999999999999801e+01
2.153450000000000000e+05;5.500000000000000000e+04;3.825999999999999801e+01
2.158600000000000000e+05;5.453172000000000116e+04;3.817000000000000171e+01
2.163750000000000000e+05;5.429863999999999942e+04;3.825999999999999801e+01
2.168900000000000000e+05;5.523520999999999913e+04;3.817000000000000171e+01
2.174050000000000000e+05;5.570776000000000204e+04;3.817000000000000171e+01
2.179200000000000000e+05;5.500000000000000000e+04;3.825999999999999801e+01
2.184350000000000000e+05;5.476551000000000204e+04;3.817000000000000171e+01
2.189500000000000000e+05;5.547112000000000262e+04;3.817000000000000171e+01
2.194650000000000000e+05;5.570776000000000204e+04;3.817000000000000171e+01
2.199810000000000000e+05;5.500000000000000000e+04;3.807000000000000028e+01
2.204960000000000000e+05;5.453172000000000116e+04;3.817000000000000171e+01
2.210110000000000000e+05;5.523520999999999913e+04;3.817000000000000171e+01
2.215270000000000000e+05;5.618320999999999913e+04;3.817000000000000171e+01
2.220420000000000000e+05;5.523520999999999913e+04;3.807000000000000028e+01
2.225570000000000000e+05;5.429863999999999942e+04;3.807000000000000028e+01
2.230720000000000000e+05;5.570776000000000204e+04;3.807000000000000028e+01
2.235870000000000000e+05;5.594512000000000262e+04;3.807000000000000028e+01
2.241020000000000000e+05;5.547112000000000262e+04;3.807000000000000028e+01
2.246170000000000000e+05;5.500000000000000000e+04;3.807000000000000028e+01
2.251320000000000000e+05;5.547112000000000262e+04;3.796999999999999886e+01
2.256480000000000000e+05;5.594512000000000262e+04;3.796999999999999886e+01
2.261630000000000000e+05;5.570776000000000204e+04;3.796999999999999886e+01
2.266780000000000000e+05;5.523520999999999913e+04;3.807000000000000028e+01
2.271930000000000000e+05;5.523520999999999913e+04;3.796999999999999886e+01
2.277080000000000000e+05;5.618320999999999913e+04;3.796999999999999886e+01
2.282240000000000000e+05;5.594512000000000262e+04;3.796999999999999886e+01
2.287390000000000000e+05;5.500000000000000000e+04;3.796999999999999886e+01
2.292540000000000000e+05;5.618320999999999913e+04;3.788000000000000256e+01
2.297690000000000000e+05;5.594512000000000262e+04;3.788000000000000256e+01
2.302840000000000000e+05;5.570776000000000204e+04;3.788000000000000256e+01
2.307990000000000000e+05;5.547112000000000262e+04;3.788000000000000256e+01
2.313140000000000000e+05;5.547112000000000262e+04;3.788000000000000256e+01
2.318300000000000000e+05;5.642201999999999680e+04;3.788000000000000256e+01
2.323450000000000000e+05;5.642201999999999680e+04;3.788000000000000256e+01
2.328600000000000000e+05;5.547112000000000262e+04;3.788000000000000256e+01
2.333750000000000000e+05;5.547112000000000262e+04;3.788000000000000256e+01
2.338900000000000000e+05;5.594512000000000262e+04;3.788000000000000256e+01
2.344050000000000000e+05;5.666155999999999767e+04;3.778000000000000114e+01
2.349200000000000000e+05;5.618320999999999913e+04;3.778000000000000114e+01
2.354360000000000000e+05;5.500000000000000000e+04;3.788000000000000256e+01
2.359510000000000000e+05;5.618320999999999913e+04;3.778000000000000114e+01
2.364660000000000000e+05;5.666155999999999767e+04;3.778000000000000114e+01
2.369810000000000000e+05;5.618320999999999913e+04;3.778000000000000114e+01
2.374970000000000000e+05;5.500000000000000000e+04;3.778000000000000114e+01
2.380120000000000000e+05;5.618320999999999913e+04;3.778000000000000114e+01
2.385270000000000000e+05;5.690183000000000175e+04;3.778000000000000114e+01
2.390420000000000000e+05;5.618320999999999913e+04;3.767999999999999972e+01
2.395570000000000000e+05;5.547112000000000262e+04;3.767999999999999972e+01
2.400720000000000000e+05;5.666155999999999767e+04;3.778000000000000114e+01
2.405870000000000000e+05;5.666155999999999767e+04;3.767999999999999972e+01
2.411020000000000000e+05;5.714284999999999854e+04;3.767999999999999972e+01
2.416170000000000000e+05;5.594512000000000262e+04;3.767999999999999972e+01
2.421320000000000000e+05;5.618320999999999913e+04;3.767999999999999972e+01
2.426480000000000000e+05;5.690183000000000175e+04;3.778000000000000114e+01
2.431630000000000000e+05;5.714284999999999854e+04;3.759000000000000341e+01
2.436790000000000000e+05;5.642201999999999680e+04;3.759000000000000341e+01
2.441940000000000000e+05;5.570776000000000204e+04;3.759000000000000341e+01
2.447090000000000000e+05;5.666155999999999767e+04;3.759000000000000341e+01
2.452240000000000000e+05;5.714284999999999854e+04;3.759000000000000341e+01
2.457390000000000000e+05;5.666155999999999767e+04;3.759000000000000341e+01
2.462540000000000000e+05;5.547112000000000262e+04;3.759000000000000341e+01
2.467690000000000000e+05;5.714284999999999854e+04;3.759000000000000341e+01
2.472840000000000000e+05;5.738461000000000058e+04;3.759000000000000341e+01
2.477990000000000000e+05;5.642201999999999680e+04;3.749000000000000199e+01
2.483140000000000000e+05;5.594512000000000262e+04;3.749000000000000199e+01
2.488290000000000000e+05;5.666155999999999767e+04;3.749000000000000199e+01
2.493460000000000000e+05;5.762712000000000262e+04;3.749000000000000199e+01
2.498610000000000000e+05;5.714284999999999854e+04;3.749000000000000199e+01
2.503760000000000000e+05;5.666155999999999767e+04;3.749000000000000199e+01
2.508910000000000000e+05;5.618320999999999913e+04;3.749000000000000199e+01
2.514060000000000000e+05;5.738461000000000058e+04;3.749000000000000199e+01
2.519210000000000000e+05;5.762712000000000262e+04;3.749000000000000199e+01
2.524360000000000000e+05;5.666155999999999767e+04;3.749000000000000199e+01
2.529510000000000000e+05;5.642201999999999680e+04;3.749000000000000199e+01
2.534660000000000000e+05;5.738461000000000058e+04;3.739999999999999858e+01
2.539810000000000000e+05;5.738461000000000058e+04;3.739999999999999858e+01
2.544960000000000000e+05;5.642201999999999680e+04;3.749000000000000199e+01
2.550110000000000000e+05;5.642201999999999680e+04;3.739999999999999858e+01
2.555270000000000000e+05;5.642201999999999680e+04;3.739999999999999858e+01
2.560430000000000000e+05;5.762712000000000262e+04;3.739999999999999858e+01
2.565580000000000000e+05;5.714284999999999854e+04;3.729999999999999716e+01
2.570730000000000000e+05;5.642201999999999680e+04;3.739999999999999858e+01
2.575880000000000000e+05;5.690183000000000175e+04;3.739999999999999858e+01
2.581030000000000000e+05;5.787037000000000262e+04;3.739999999999999858e+01
2.586180000000000000e+05;5.787037000000000262e+04;3.729999999999999716e+01
2.591330000000000000e+05;5.690183000000000175e+04;3.729999999999999716e+01
2.596480000000000000e+05;5.738461000000000058e+04;3.729999999999999716e+01
2.601630000000000000e+05;5.738461000000000058e+04;3.729999999999999716e+01
2.606780000000000000e+05;5.762712000000000262e+04;3.729999999999999716e+01
2.611930000000000000e+05;5.714284999999999854e+04;3.729999999999999716e+01
2.617090000000000000e+05;5.666155999999999767e+04;3.729999999999999716e+01
2.622240000000000000e+05;5.787037000000000262e+04;3.720000000000000284e+01
2.627390000000000000e+05;5.714284999999999854e+04;3.720000000000000284e+01
2.632550000000000000e+05;5.666155999999999767e+04;3.720000000000000284e+01
2.637700000000000000e+05;5.666155999999999767e+04;3.720000000000000284e+01
2.642850000000000000e+05;5.787037000000000262e+04;3.720000000000000284e+01
2.648000000000000000e+05;5.811437000000000262e+04;3.720000000000000284e+01
2.653150000000000000e+05;5.714284999999999854e+04;3.720000000000000284e+01
2.658300000000000000e+05;5.690183000000000175e+04;3.720000000000000284e+01
2.663450000000000000e+05;5.762712000000000262e+04;3.720000000000000284e+01
2.668600000000000000e+05;5.787037000000000262e+04;3.720000000000000284e+01
2.673750000000000000e+05;5.762712000000000262e+04;3.720000000000000284e+01
2.678900000000000000e+05;5.666155999999999767e+04;3.720000000000000284e+01
2.684050000000000000e+05;5.811437000000000262e+04;3.710999999999999943e+01
2.689210000000000000e+05;5.835912999999999738e+04;3.710999999999999943e+01
2.694360000000000000e+05;5.860463999999999942e+04;3.710999999999999943e+01
2.699520000000000000e+05;5.714284999999999854e+04;3.710999999999999943e+01
2.704670000000000000e+05;5.762712000000000262e+04;3.710999999999999943e+01
2.709820000000000000e+05;5.835912999999999738e+04;3.710999999999999943e+01
2.714970000000000000e+05;5.860463999999999942e+04;3.710999999999999943e+01
2.720120000000000000e+05;5.738461000000000058e+04;3.700999999999999801e+01
2.725270000000000000e+05;5.762712000000000262e+04;3.700999999999999801e+01
2.730420000000000000e+05;5.811437000000000262e+04;3.700999999999999801e+01
2.735570000000000000e+05;5.811437000000000262e+04;3.700999999999999801e+01
2.740720000000000000e+05;5.787037000000000262e+04;3.700999999999999801e+01
2.745880000000000000e+05;5.690183000000000175e+04;3.700999999999999801e+01
2.751030000000000000e+05;5.835912999999999738e+04;3.700999999999999801e+01
2.756180000000000000e+05;5.835912999999999738e+04;3.692000000000000171e+01
2.761330000000000000e+05;5.762712000000000262e+04;3.700999999999999801e+01
2.766480000000000000e+05;5.762712000000000262e+04;3.692000000000000171e+01
2.771640000000000000e+05;5.860463999999999942e+04;3.692000000000000171e+01
2.776790000000000000e+05;5.934579000000000087e+04;3.692000000000000171e+01
2.781940000000000000e+05;5.811437000000000262e+04;3.692000000000000171e+01
2.787090000000000000e+05;5.787037000000000262e+04;3.692000000000000171e+01
2.792240000000000000e+05;5.835912999999999738e+04;3.692000000000000171e+01
2.797390000000000000e+05;5.885093000000000029e+04;3.692000000000000171e+01
2.802550000000000000e+05;5.811437000000000262e+04;3.692000000000000171e+01
2.807700000000000000e+05;5.738461000000000058e+04;3.692000000000000171e+01
2.812850000000000000e+05;5.835912999999999738e+04;3.692000000000000171e+01
2.818000000000000000e+05;5.909798000000000320e+04;3.692000000000000171e+01
2.823150000000000000e+05;5.860463999999999942e+04;3.700999999999999801e+01
2.828300000000000000e+05;5.787037000000000262e+04;3.682000000000000028e+01
2.833450000000000000e+05;5.811437000000000262e+04;3.682000000000000028e+01
2.838600000000000000e+05;5.885093000000000029e+04;3.682000000000000028e+01
2.843760000000000000e+05;5.909798000000000320e+04;3.682000000000000028e+01
2.848910000000000000e+05;5.811437000000000262e+04;3.682000000000000028e+01
2.854060000000000000e+05;5.811437000000000262e+04;3.682000000000000028e+01
2.859210000000000000e+05;5.934579000000000087e+04;3.682000000000000028e+01
2.864370000000000000e+05;5.835912999999999738e+04;3.682000000000000028e+01
2.869520000000000000e+05;5.811437000000000262e+04;3.682000000000000028e+01
2.874670000000000000e+05;5.811437000000000262e+04;3.672999999999999687e+01
2.879820000000000000e+05;5.909798000000000320e+04;3.682000000000000028e+01
2.884970000000000000e+05;5.885093000000000029e+04;3.692000000000000171e+01
2.890120000000000000e+05;5.885093000000000029e+04;3.672999999999999687e+01
2.895270000000000000e+05;5.811437000000000262e+04;3.672999999999999687e+01
2.900420000000000000e+05;5.860463999999999942e+04;3.672999999999999687e+01
2.905570000000000000e+05;5.934579000000000087e+04;3.672999999999999687e+01
2.910730000000000000e+05;5.835912999999999738e+04;3.672999999999999687e+01
2.915880000000000000e+05;5.762712000000000262e+04;3.664000000000000057e+01
2.921030000000000000e+05;5.787037000000000262e+04;3.672999999999999687e+01
2.926190000000000000e+05;5.934579000000000087e+04;3.664000000000000057e+01
2.931340000000000000e+05;5.885093000000000029e+04;3.664000000000000057e+01
2.936490000000000000e+05;5.835912999999999738e+04;3.672999999999999687e+01
2.941640000000000000e+05;5.811437000000000262e+04;3.664000000000000057e+01
2.946790000000000000e+05;5.909798000000000320e+04;3.664000000000000057e+01
2.951940000000000000e+05;5.885093000000000029e+04;3.664000000000000057e+01
2.957090000000000000e+05;5.860463999999999942e+04;3.664000000000000057e+01
2.962240000000000000e+05;5.835912999999999738e+04;3.653999999999999915e+01
2.967390000000000000e+05;5.984375000000000000e+04;3.653999999999999915e+01
2.972540000000000000e+05;5.959437999999999738e+04;3.653999999999999915e+01
2.977710000000000000e+05;5.885093000000000029e+04;3.653999999999999915e+01
2.982860000000000000e+05;5.885093000000000029e+04;3.653999999999999915e+01
2.988010000000000000e+05;5.934579000000000087e+04;3.653999999999999915e+01
2.993160000000000000e+05;6.009388999999999942e+04;3.653999999999999915e+01
2.998310000000000000e+05;5.885093000000000029e+04;3.653999999999999915e+01
3.003460000000000000e+05;5.885093000000000029e+04;3.653999999999999915e+01
3.008610000000000000e+05;5.885093000000000029e+04;3.653999999999999915e+01
3.013760000000000000e+05;6.034483000000000175e+04;3.653999999999999915e+01
3.018910000000000000e+05;5.885093000000000029e+04;3.653999999999999915e+01
3.024060000000000000e+05;5.860463999999999942e+04;3.645000000000000284e+01
3.029210000000000000e+05;5.885093000000000029e+04;3.645000000000000284e+01
3.034370000000000000e+05;6.009388999999999942e+04;3.645000000000000284e+01
3.039520000000000000e+05;5.959437999999999738e+04;3.653999999999999915e+01
3.044670000000000000e+05;5.934579000000000087e+04;3.645000000000000284e+01
3.049830000000000000e+05;5.835912999999999738e+04;3.645000000000000284e+01
3.054980000000000000e+05;6.009388999999999942e+04;3.645000000000000284e+01
3.060130000000000000e+05;6.034483000000000175e+04;3.645000000000000284e+01
3.065280000000000000e+05;5.909798000000000320e+04;3.645000000000000284e+01
3.070430000000000000e+05;5.934579000000000087e+04;3.645000000000000284e+01
3.075580000000000000e+05;5.984375000000000000e+04;3.635000000000000142e+01
3.080730000000000000e+05;6.034483000000000175e+04;3.645000000000000284e+01
3.085880000000000000e+05;5.811437000000000262e+04;3.635000000000000142e+01
3.091040000000000000e+05;5.909798000000000320e+04;3.635000000000000142e+01
3.096190000000000000e+05;5.959437999999999738e+04;3.635000000000000142e+01
3.101340000000000000e+05;5.959437999999999738e+04;3.635000000000000142e+01
3.106490000000000000e+05;5.934579000000000087e+04;3.635000000000000142e+01
3.111640000000000000e+05;5.909798000000000320e+04;3.635000000000000142e+01
3.116800000000000000e+05;6.009388999999999942e+04;3.635000000000000142e+01
3.121950000000000000e+05;6.009388999999999942e+04;3.635000000000000142e+01
3.127100000000000000e+05;6.059655000000000291e+04;3.625999999999999801e+01
3.132250000000000000e+05;5.885093000000000029e+04;3.625999999999999801e+01
3.137400000000000000e+05;6.009388999999999942e+04;3.635000000000000142e+01
3.142550000000000000e+05;6.084905999999999767e+04;3.635000000000000142e+01
3.147700000000000000e+05;5.959437999999999738e+04;3.625999999999999801e+01
3.152860000000000000e+05;5.934579000000000087e+04;3.625999999999999801e+01
3.158010000000000000e+05;6.059655000000000291e+04;3.625999999999999801e+01
3.163160000000000000e+05;6.034483000000000175e+04;3.625999999999999801e+01
3.168310000000000000e+05;6.034483000000000175e+04;3.625999999999999801e+01
3.173460000000000000e+05;5.909798000000000320e+04;3.617000000000000171e+01
3.178610000000000000e+05;5.984375000000000000e+04;3.625999999999999801e+01
3.183760000000000000e+05;6.059655000000000291e+04;3.617000000000000171e+01
3.188920000000000000e+05;6.059655000000000291e+04;3.617000000000000171e+01
3.194070000000000000e+05;5.885093000000000029e+04;3.617000000000000171e+01
3.199220000000000000e+05;6.009388999999999942e+04;3.625999999999999801e+01
3.204370000000000000e+05;6.084905999999999767e+04;3.617000000000000171e+01
3.209530000000000000e+05;6.034483000000000175e+04;3.617000000000000171e+01
3.214680000000000000e+05;6.084905999999999767e+04;3.617000000000000171e+01
3.219830000000000000e+05;5.934579000000000087e+04;3.617000000000000171e+01
3.224980000000000000e+05;6.084905999999999767e+04;3.617000000000000171e+01
3.230130000000000000e+05;6.059655000000000291e+04;3.617000000000000171e+01
3.235280000000000000e+05;6.034483000000000175e+04;3.617000000000000171e+01
3.240430000000000000e+05;5.934579000000000087e+04;3.617000000000000171e+01
3.245580000000000000e+05;6.034483000000000175e+04;3.607000000000000028e+01
3.250730000000000000e+05;6.110237000000000262e+04;3.607000000000000028e+01
3.255880000000000000e+05;5.984375000000000000e+04;3.607000000000000028e+01
3.261040000000000000e+05;6.009388999999999942e+04;3.607000000000000028e+01
3.266190000000000000e+05;6.009388999999999942e+04;3.607000000000000028e+01
3.271340000000000000e+05;6.059655000000000291e+04;3.607000000000000028e+01
3.276500000000000000e+05;6.110237000000000262e+04;3.607000000000000028e+01
3.281650000000000000e+05;6.009388999999999942e+04;3.607000000000000028e+01
3.286800000000000000e+05;6.034483000000000175e+04;3.607000000000000028e+01
3.291950000000000000e+05;6.084905999999999767e+04;3.607000000000000028e+01
3.297100000000000000e+05;6.110237000000000262e+04;3.607000000000000028e+01
3.302250000000000000e+05;6.161137999999999738e+04;3.607000000000000028e+01
3.307400000000000000e+05;5.984375000000000000e+04;3.607000000000000028e+01
3.312550000000000000e+05;6.110237000000000262e+04;3.617000000000000171e+01
3.317700000000000000e+05;6.110237000000000262e+04;3.597999999999999687e+01
3.322850000000000000e+05;6.034483000000000175e+04;3.597999999999999687e+01
3.328010000000000000e+05;5.959437999999999738e+04;3.597999999999999687e+01
3.333160000000000000e+05;6.059655000000000291e+04;3.597999999999999687e+01
3.338310000000000000e+05;6.135645999999999913e+04;3.597999999999999687e+01
3.343460000000000000e+05;6.135645999999999913e+04;3.597999999999999687e+01
3.348620000000000000e+05;6.059655000000000291e+04;3.597999999999999687e+01
3.353770000000000000e+05;5.959437999999999738e+04;3.589000000000000057e+01
3.358920000000000000e+05;6.161137999999999738e+04;3.589000000000000057e+01
3.364070000000000000e+05;6.084905999999999767e+04;3.589000000000000057e+01
3.369220000000000000e+05;6.009388999999999942e+04;3.589000000000000057e+01
3.374370000000000000e+05;6.009388999999999942e+04;3.589000000000000057e+01
3.379520000000000000e+05;6.110237000000000262e+04;3.589000000000000057e+01
3.384670000000000000e+05;6.186708999999999651e+04;3.589000000000000057e+01
3.389820000000000000e+05;6.034483000000000175e+04;3.589000000000000057e+01
3.394970000000000000e+05;6.034483000000000175e+04;3.589000000000000057e+01
3.400130000000000000e+05;6.059655000000000291e+04;3.589000000000000057e+01
3.405280000000000000e+05;6.186708999999999651e+04;3.589000000000000057e+01
3.410440000000000000e+05;6.110237000000000262e+04;3.589000000000000057e+01
3.415590000000000000e+05;6.059655000000000291e+04;3.589000000000000057e+01
3.420740000000000000e+05;6.034483000000000175e+04;3.589000000000000057e+01
3.425890000000000000e+05;6.161137999999999738e+04;3.578999999999999915e+01
3.431040000000000000e+05;6.135645999999999913e+04;3.578999999999999915e+01
3.436190000000000000e+05;6.059655000000000291e+04;3.578999999999999915e+01
3.441340000000000000e+05;6.084905999999999767e+04;3.578999999999999915e+01
3.446490000000000000e+05;6.135645999999999913e+04;3.578999999999999915e+01
3.451640000000000000e+05;6.161137999999999738e+04;3.578999999999999915e+01
3.456790000000000000e+05;6.059655000000000291e+04;3.578999999999999915e+01
3.461940000000000000e+05;5.984375000000000000e+04;3.578999999999999915e+01
3.467100000000000000e+05;6.161137999999999738e+04;3.578999999999999915e+01
3.472250000000000000e+05;6.212361000000000058e+04;3.578999999999999915e+01
3.477410000000000000e+05;6.084905999999999767e+04;3.570000000000000284e+01
3.482560000000000000e+05;6.059655000000000291e+04;3.570000000000000284e+01
3.487710000000000000e+05;6.238095999999999913e+04;3.578999999999999915e+01
3.492860000000000000e+05;6.186708999999999651e+04;3.570000000000000284e+01
3.498010000000000000e+05;6.161137999999999738e+04;3.570000000000000284e+01
3.503160000000000000e+05;6.084905999999999767e+04;3.570000000000000284e+01
3.508310000000000000e+05;6.135645999999999913e+04;3.570000000000000284e+01
3.513460000000000000e+05;6.263909999999999854e+04;3.570000000000000284e+01
3.518610000000000000e+05;6.212361000000000058e+04;3.560999999999999943e+01
3.523760000000000000e+05;6.110237000000000262e+04;3.570000000000000284e+01
3.528910000000000000e+05;6.110237000000000262e+04;3.570000000000000284e+01
3.534060000000000000e+05;6.238095999999999913e+04;3.560999999999999943e+01
3.539220000000000000e+05;6.186708999999999651e+04;3.560999999999999943e+01
3.544370000000000000e+05;6.212361000000000058e+04;3.570000000000000284e+01
3.549530000000000000e+05;6.059655000000000291e+04;3.560999999999999943e+01
3.554680000000000000e+05;6.135645999999999913e+04;3.560999999999999943e+01
3.559830000000000000e+05;6.212361000000000058e+04;3.560999999999999943e+01
3.564980000000000000e+05;6.161137999999999738e+04;3.560999999999999943e+01
3.570130000000000000e+05;5.984375000000000000e+04;3.560999999999999943e+01
3.575280000000000000e+05;6.135645999999999913e+04;3.560999999999999943e+01
3.580430000000000000e+05;6.263909999999999854e+04;3.560999999999999943e+01
3.585580000000000000e+05;6.212361000000000058e+04;3.560999999999999943e+01
3.590730000000000000e+05;6.161137999999999738e+04;3.552000000000000313e+01
3.595880000000000000e+05;6.084905999999999767e+04;3.552000000000000313e+01
3.601030000000000000e+05;6.263909999999999854e+04;3.552000000000000313e+01
3.606190000000000000e+05;6.212361000000000058e+04;3.552000000000000313e+01
3.611340000000000000e+05;6.135645999999999913e+04;3.552000000000000313e+01
3.616500000000000000e+05;6.059655000000000291e+04;3.552000000000000313e+01
3.621650000000000000e+05;6.212361000000000058e+04;3.552000000000000313e+01
3.626800000000000000e+05;6.263909999999999854e+04;3.552000000000000313e+01
3.631950000000000000e+05;6.135645999999999913e+04;3.552000000000000313e+01
3.637100000000000000e+05;6.161137999999999738e+04;3.552000000000000313e+01
3.642250000000000000e+05;6.161137999999999738e+04;3.552000000000000313e+01
3.647400000000000000e+05;6.263909999999999854e+04;3.552000000000000313e+01
3.652550000000000000e+05;6.263909999999999854e+04;3.552000000000000313e+01
3.657700000000000000e+05;6.186708999999999651e+04;3.552000000000000313e+01
3.662850000000000000e+05;6.161137999999999738e+04;3.542000000000000171e+01
3.668000000000000000e+05;6.238095999999999913e+04;3.542000000000000171e+01
3.673150000000000000e+05;6.238095999999999913e+04;3.542000000000000171e+01
3.678320000000000000e+05;6.161137999999999738e+04;3.542000000000000171e+01
3.683470000000000000e+05;6.135645999999999913e+04;3.542000000000000171e+01
3.688620000000000000e+05;6.238095999999999913e+04;3.542000000000000171e+01
3.693770000000000000e+05;6.315788999999999942e+04;3.542000000000000171e+01
3.698920000000000000e+05;6.212361000000000058e+04;3.542000000000000171e+01
3.704070000000000000e+05;6.161137999999999738e+04;3.532999999999999829e+01
3.709220000000000000e+05;6.238095999999999913e+04;3.542000000000000171e+01
3.714370000000000000e+05;6.315788999999999942e+04;3.542000000000000171e+01
3.719520000000000000e+05;6.212361000000000058e+04;3.532999999999999829e+01
3.724670000000000000e+05;6.238095999999999913e+04;3.542000000000000171e+01
3.729820000000000000e+05;6.238095999999999913e+04;3.532999999999999829e+01
3.734970000000000000e+05;6.289808000000000175e+04;3.542000000000000171e+01
3.740120000000000000e+05;6.289808000000000175e+04;3.532999999999999829e+01
3.745290000000000000e+05;6.161137999999999738e+04;3.532999999999999829e+01
3.750440000000000000e+05;6.186708999999999651e+04;3.532999999999999829e+01
3.755590000000000000e+05;6.315788999999999942e+04;3.532999999999999829e+01
3.760740000000000000e+05;6.289808000000000175e+04;3.524000000000000199e+01
3.765890000000000000e+05;6.186708999999999651e+04;3.532999999999999829e+01
3.771040000000000000e+05;6.238095999999999913e+04;3.524000000000000199e+01
3.776190000000000000e+05;6.315788999999999942e+04;3.532999999999999829e+01
3.781340000000000000e+05;6.315788999999999942e+04;3.524000000000000199e+01
3.786490000000000000e+05;6.238095999999999913e+04;3.524000000000000199e+01
3.791640000000000000e+05;6.110237000000000262e+04;3.524000000000000199e+01
3.796790000000000000e+05;6.341852999999999884e+04;3.524000000000000199e+01
3.801940000000000000e+05;6.368000000000000000e+04;3.532999999999999829e+01
3.807100000000000000e+05;6.263909999999999854e+04;3.524000000000000199e+01
3.812250000000000000e+05;6.161137999999999738e+04;3.524000000000000199e+01
3.817410000000000000e+05;6.263909999999999854e+04;3.524000000000000199e+01
3.822560000000000000e+05;6.341852999999999884e+04;3.524000000000000199e+01
3.827710000000000000e+05;6.238095999999999913e+04;3.524000000000000199e+01
3.832860000000000000e+05;6.161137999999999738e+04;3.514999999999999858e+01
3.838010000000000000e+05;6.186708999999999651e+04;3.514999999999999858e+01
3.843160000000000000e+05;6.315788999999999942e+04;3.524000000000000199e+01
3.848310000000000000e+05;6.341852999999999884e+04;3.524000000000000199e+01
3.853460000000000000e+05;6.263909999999999854e+04;3.514999999999999858e+01
3.858610000000000000e+05;6.238095999999999913e+04;3.514999999999999858e+01
3.863760000000000000e+05;6.341852999999999884e+04;3.514999999999999858e+01
3.868920000000000000e+05;6.368000000000000000e+04;3.514999999999999858e+01
3.874070000000000000e+05;6.238095999999999913e+04;3.514999999999999858e+01
3.879220000000000000e+05;6.161137999999999738e+04;3.514999999999999858e+01
3.884380000000000000e+05;6.263909999999999854e+04;3.514999999999999858e+01
3.889530000000000000e+05;6.368000000000000000e+04;3.514999999999999858e+01
3.894680000000000000e+05;6.289808000000000175e+04;3.514999999999999858e+01
3.899830000000000000e+05;6.289808000000000175e+04;3.504999999999999716e+01
3.904980000000000000e+05;6.263909999999999854e+04;3.504999999999999716e+01
3.910130000000000000e+05;6.420545999999999913e+04;3.514999999999999858e+01
3.915280000000000000e+05;6.315788999999999942e+04;3.504999999999999716e+01
3.920430000000000000e+05;6.263909999999999854e+04;3.514999999999999858e+01
3.925580000000000000e+05;6.212361000000000058e+04;3.504999999999999716e+01
3.930740000000000000e+05;6.368000000000000000e+04;3.504999999999999716e+01
3.935890000000000000e+05;6.368000000000000000e+04;3.504999999999999716e+01
3.941040000000000000e+05;6.263909999999999854e+04;3.504999999999999716e+01
3.946190000000000000e+05;6.289808000000000175e+04;3.504999999999999716e+01
3.951340000000000000e+05;6.341852999999999884e+04;3.504999999999999716e+01
3.956500000000000000e+05;6.473430000000000291e+04;3.504999999999999716e+01
3.961650000000000000e+05;6.263909999999999854e+04;3.496000000000000085e+01
3.966800000000000000e+05;6.212361000000000058e+04;3.504999999999999716e+01
3.971950000000000000e+05;6.315788999999999942e+04;3.496000000000000085e+01
3.977100000000000000e+05;6.394230999999999767e+04;3.496000000000000085e+01
3.982250000000000000e+05;6.315788999999999942e+04;3.496000000000000085e+01
3.987400000000000000e+05;6.186708999999999651e+04;3.496000000000000085e+01
3.992550000000000000e+05;6.341852999999999884e+04;3.496000000000000085e+01
3.997700000000000000e+05;6.394230999999999767e+04;3.496000000000000085e+01
4.002860000000000000e+05;6.420545999999999913e+04;3.496000000000000085e+01
4.008010000000000000e+05;6.289808000000000175e+04;3.496000000000000085e+01
4.013160000000000000e+05;6.289808000000000175e+04;3.504999999999999716e+01
4.018310000000000000e+05;6.341852999999999884e+04;3.496000000000000085e+01
4.023470000000000000e+05;6.394230999999999767e+04;3.496000000000000085e+01
4.028620000000000000e+05;6.368000000000000000e+04;3.496000000000000085e+01
4.033770000000000000e+05;6.263909999999999854e+04;3.486999999999999744e+01
4.038920000000000000e+05;6.289808000000000175e+04;3.496000000000000085e+01
4.044070000000000000e+05;6.394230999999999767e+04;3.496000000000000085e+01
4.049220000000000000e+05;6.368000000000000000e+04;3.486999999999999744e+01
4.054370000000000000e+05;6.368000000000000000e+04;3.496000000000000085e+01
4.059520000000000000e+05;6.263909999999999854e+04;3.486999999999999744e+01
4.064670000000000000e+05;6.420545999999999913e+04;3.486999999999999744e+01
4.069830000000000000e+05;6.473430000000000291e+04;3.486999999999999744e+01
4.074980000000000000e+05;6.368000000000000000e+04;3.486999999999999744e+01
4.080130000000000000e+05;6.289808000000000175e+04;3.486999999999999744e+01
4.085280000000000000e+05;6.368000000000000000e+04;3.486999999999999744e+01
4.090430000000000000e+05;6.394230999999999767e+04;3.486999999999999744e+01
4.095590000000000000e+05;6.420545999999999913e+04;3.486999999999999744e+01
4.100740000000000000e+05;6.341852999999999884e+04;3.486999999999999744e+01
4.105890000000000000e+05;6.394230999999999767e+04;3.478000000000000114e+01
4.111040000000000000e+05;6.446945999999999913e+04;3.478000000000000114e+01
4.116190000000000000e+05;6.368000000000000000e+04;3.478000000000000114e+01
4.121340000000000000e+05;6.368000000000000000e+04;3.478000000000000114e+01
4.126490000000000000e+05;6.315788999999999942e+04;3.478000000000000114e+01
4.131650000000000000e+05;6.420545999999999913e+04;3.486999999999999744e+01
4.136800000000000000e+05;6.446945999999999913e+04;3.478000000000000114e+01
4.141950000000000000e+05;6.368000000000000000e+04;3.478000000000000114e+01
4.147100000000000000e+05;6.289808000000000175e+04;3.478000000000000114e+01
4.152250000000000000e+05;6.420545999999999913e+04;3.478000000000000114e+01
4.157400000000000000e+05;6.446945999999999913e+04;3.478000000000000114e+01
4.162560000000000000e+05;6.420545999999999913e+04;3.468999999999999773e+01
4.167710000000000000e+05;6.341852999999999884e+04;3.478000000000000114e+01
4.172860000000000000e+05;6.315788999999999942e+04;3.478000000000000114e+01
4.178010000000000000e+05;6.500000000000000000e+04;3.468999999999999773e+01
4.183160000000000000e+05;6.446945999999999913e+04;3.468999999999999773e+01
4.188310000000000000e+05;6.394230999999999767e+04;3.478000000000000114e+01
4.193470000000000000e+05;6.394230999999999767e+04;3.468999999999999773e+01
4.198620000000000000e+05;6.394230999999999767e+04;3.468999999999999773e+01
4.203770000000000000e+05;6.473430000000000291e+04;3.468999999999999773e+01
4.208920000000000000e+05;6.420545999999999913e+04;3.468999999999999773e+01
4.214070000000000000e+05;6.315788999999999942e+04;3.468999999999999773e+01
4.219220000000000000e+05;6.446945999999999913e+04;3.468999999999999773e+01
4.224370000000000000e+05;6.526655999999999767e+04;3.468999999999999773e+01
4.229520000000000000e+05;6.420545999999999913e+04;3.468999999999999773e+01
4.234680000000000000e+05;6.315788999999999942e+04;3.468999999999999773e+01
4.239830000000000000e+05;6.420545999999999913e+04;3.460000000000000142e+01
4.244980000000000000e+05;6.500000000000000000e+04;3.460000000000000142e+01
4.250140000000000000e+05;6.420545999999999913e+04;3.468999999999999773e+01
4.255290000000000000e+05;6.368000000000000000e+04;3.460000000000000142e+01
4.260440000000000000e+05;6.368000000000000000e+04;3.468999999999999773e+01
4.265590000000000000e+05;6.500000000000000000e+04;3.460000000000000142e+01
4.270740000000000000e+05;6.446945999999999913e+04;3.460000000000000142e+01
4.275890000000000000e+05;6.341852999999999884e+04;3.460000000000000142e+01
4.281040000000000000e+05;6.368000000000000000e+04;3.460000000000000142e+01
4.286190000000000000e+05;6.580227000000000407e+04;3.460000000000000142e+01
4.291340000000000000e+05;6.500000000000000000e+04;3.460000000000000142e+01
4.296490000000000000e+05;6.420545999999999913e+04;3.460000000000000142e+01
4.301640000000000000e+05;6.341852999999999884e+04;3.460000000000000142e+01
4.306800000000000000e+05;6.473430000000000291e+04;3.450999999999999801e+01
4.311950000000000000e+05;6.553398000000000320e+04;3.460000000000000142e+01
4.317110000000000000e+05;6.368000000000000000e+04;3.460000000000000142e+01
4.322260000000000000e+05;6.420545999999999913e+04;3.442000000000000171e+01
4.327410000000000000e+05;6.607142999999999302e+04;3.450999999999999801e+01
4.332560000000000000e+05;6.526655999999999767e+04;3.460000000000000142e+01
4.337710000000000000e+05;6.446945999999999913e+04;3.450999999999999801e+01
4.342860000000000000e+05;6.420545999999999913e+04;3.450999999999999801e+01
4.348010000000000000e+05;6.473430000000000291e+04;3.460000000000000142e+01
4.353160000000000000e+05;6.580227000000000407e+04;3.450999999999999801e+01
4.358310000000000000e+05;6.473430000000000291e+04;3.450999999999999801e+01
4.363460000000000000e+05;6.368000000000000000e+04;3.450999999999999801e+01
4.368610000000000000e+05;6.473430000000000291e+04;3.450999999999999801e+01
4.373770000000000000e+05;6.526655999999999767e+04;3.450999999999999801e+01
4.378930000000000000e+05;6.473430000000000291e+04;3.450999999999999801e+01
4.384080000000000000e+05;6.526655999999999767e+04;3.450999999999999801e+01
4.389230000000000000e+05;6.553398000000000320e+04;3.450999999999999801e+01
4.394380000000000000e+05;6.553398000000000320e+04;3.450999999999999801e+01
4.399530000000000000e+05;6.500000000000000000e+04;3.442000000000000171e+01
4.404680000000000000e+05;6.394230999999999767e+04;3.442000000000000171e+01
4.409830000000000000e+05;6.473430000000000291e+04;3.450999999999999801e+01
4.414980000000000000e+05;6.553398000000000320e+04;3.442000000000000171e+01
4.420130000000000000e+05;6.526655999999999767e+04;3.450999999999999801e+01
4.425280000000000000e+05;6.446945999999999913e+04;3.442000000000000171e+01
4.430430000000000000e+05;6.446945999999999913e+04;3.450999999999999801e+01
4.435590000000000000e+05;6.553398000000000320e+04;3.442000000000000171e+01
4.440750000000000000e+05;6.553398000000000320e+04;3.442000000000000171e+01
4.445900000000000000e+05;6.473430000000000291e+04;3.442000000000000171e+01
4.451050000000000000e+05;6.446945999999999913e+04;3.442000000000000171e+01
4.456200000000000000e+05;6.553398000000000320e+04;3.442000000000000171e+01
4.461350000000000000e+05;6.580227000000000407e+04;3.442000000000000171e+01
4.466500000000000000e+05;6.526655999999999767e+04;3.442000000000000171e+01
4.471650000000000000e+05;6.420545999999999913e+04;3.432999999999999829e+01
4.476800000000000000e+05;6.500000000000000000e+04;3.442000000000000171e+01
4.481950000000000000e+05;6.634146000000000640e+04;3.432999999999999829e+01
4.487100000000000000e+05;6.500000000000000000e+04;3.432999999999999829e+01
4.492250000000000000e+05;6.473430000000000291e+04;3.432999999999999829e+01
4.497410000000000000e+05;6.446945999999999913e+04;3.432999999999999829e+01
4.502560000000000000e+05;6.526655999999999767e+04;3.432999999999999829e+01
4.507710000000000000e+05;6.526655999999999767e+04;3.432999999999999829e+01
4.512870000000000000e+05;6.473430000000000291e+04;3.432999999999999829e+01
4.518020000000000000e+05;6.500000000000000000e+04;3.432999999999999829e+01
4.523170000000000000e+05;6.661238000000000466e+04;3.432999999999999829e+01
4.528320000000000000e+05;6.580227000000000407e+04;3.432999999999999829e+01
4.533470000000000000e+05;6.473430000000000291e+04;3.432999999999999829e+01
4.538620000000000000e+05;6.394230999999999767e+04;3.432999999999999829e+01
4.543770000000000000e+05;6.446945999999999913e+04;3.432999999999999829e+01
4.548920000000000000e+05;6.634146000000000640e+04;3.424000000000000199e+01
4.554080000000000000e+05;6.580227000000000407e+04;3.424000000000000199e+01
4.559230000000000000e+05;6.526655999999999767e+04;3.424000000000000199e+01
4.564380000000000000e+05;6.500000000000000000e+04;3.424000000000000199e+01
4.569530000000000000e+05;6.553398000000000320e+04;3.424000000000000199e+01
4.574680000000000000e+05;6.553398000000000320e+04;3.424000000000000199e+01
4.579840000000000000e+05;6.473430000000000291e+04;3.424000000000000199e+01
4.584990000000000000e+05;6.500000000000000000e+04;3.424000000000000199e+01
4.590140000000000000e+05;6.553398000000000320e+04;3.424000000000000199e+01
4.595290000000000000e+05;6.634146000000000640e+04;3.424000000000000199e+01
4.600440000000000000e+05;6.553398000000000320e+04;3.424000000000000199e+01
4.605590000000000000e+05;6.553398000000000320e+04;3.424000000000000199e+01
4.610740000000000000e+05;6.500000000000000000e+04;3.424000000000000199e+01
4.615890000000000000e+05;6.634146000000000640e+04;3.424000000000000199e+01
4.621050000000000000e+05;6.580227000000000407e+04;3.424000000000000199e+01
4.626200000000000000e+05;6.553398000000000320e+04;3.424000000000000199e+01
4.631350000000000000e+05;6.500000000000000000e+04;3.424000000000000199e+01
4.636500000000000000e+05;6.634146000000000640e+04;3.414000000000000057e+01
4.641650000000000000e+05;6.634146000000000640e+04;3.414000000000000057e+01
4.646800000000000000e+05;6.526655999999999767e+04;3.414000000000000057e+01
4.651960000000000000e+05;6.500000000000000000e+04;3.414000000000000057e+01
4.657110000000000000e+05;6.553398000000000320e+04;3.424000000000000199e+01
4.662260000000000000e+05;6.634146000000000640e+04;3.414000000000000057e+01
4.667410000000000000e+05;6.580227000000000407e+04;3.414000000000000057e+01
4.672560000000000000e+05;6.526655999999999767e+04;3.414000000000000057e+01
4.677710000000000000e+05;6.473430000000000291e+04;3.414000000000000057e+01
4.682870000000000000e+05;6.607142999999999302e+04;3.414000000000000057e+01
4.688020000000000000e+05;6.634146000000000640e+04;3.414000000000000057e+01
4.693170000000000000e+05;6.526655999999999767e+04;3.414000000000000057e+01
4.698320000000000000e+05;6.553398000000000320e+04;3.414000000000000057e+01
4.703470000000000000e+05;6.607142999999999302e+04;3.414000000000000057e+01
4.708620000000000000e+05;6.688416999999999825e+04;3.414000000000000057e+01
4.713770000000000000e+05;6.526655999999999767e+04;3.404999999999999716e+01
4.718920000000000000e+05;6.607142999999999302e+04;3.414000000000000057e+01
4.724080000000000000e+05;6.553398000000000320e+04;3.404999999999999716e+01
4.729230000000000000e+05;6.634146000000000640e+04;3.404999999999999716e+01
4.734380000000000000e+05;6.634146000000000640e+04;3.404999999999999716e+01
4.739530000000000000e+05;6.553398000000000320e+04;3.404999999999999716e+01
4.744680000000000000e+05;6.553398000000000320e+04;3.404999999999999716e+01
4.749830000000000000e+05;6.634146000000000640e+04;3.404999999999999716e+01
4.754990000000000000e+05;6.661238000000000466e+04;3.404999999999999716e+01
4.760140000000000000e+05;6.607142999999999302e+04;3.404999999999999716e+01
4.765290000000000000e+05;6.526655999999999767e+04;3.404999999999999716e+01
4.770440000000000000e+05;6.607142999999999302e+04;3.396000000000000085e+01
4.775590000000000000e+05;6.688416999999999825e+04;3.404999999999999716e+01
4.780740000000000000e+05;6.661238000000000466e+04;3.404999999999999716e+01
4.785890000000000000e+05;6.580227000000000407e+04;3.396000000000000085e+01
4.791050000000000000e+05;6.526655999999999767e+04;3.404999999999999716e+01
4.796200000000000000e+05;6.688416999999999825e+04;3.396000000000000085e+01
4.801350000000000000e+05;6.688416999999999825e+04;3.404999999999999716e+01
4.806500000000000000e+05;6.634146000000000640e+04;3.396000000000000085e+01
4.811650000000000000e+05;6.526655999999999767e+04;3.396000000000000085e+01
4.816800000000000000e+05;6.634146000000000640e+04;3.396000000000000085e+01
4.821960000000000000e+05;6.743044000000000233e+04;3.396000000000000085e+01
4.827110000000000000e+05;6.743044000000000233e+04;3.396000000000000085e+01
4.832260000000000000e+05;6.553398000000000320e+04;3.396000000000000085e+01
4.837410000000000000e+05;6.634146000000000640e+04;3.396000000000000085e+01
4.842560000000000000e+05;6.715686000000000058e+04;3.396000000000000085e+01
4.847710000000000000e+05;6.634146000000000640e+04;3.396000000000000085e+01
4.852860000000000000e+05;6.634146000000000640e+04;3.396000000000000085e+01
4.858010000000000000e+05;6.580227000000000407e+04;3.396000000000000085e+01
4.863170000000000000e+05;6.661238000000000466e+04;3.396000000000000085e+01
4.868320000000000000e+05;6.715686000000000058e+04;3.396000000000000085e+01
4.873470000000000000e+05;6.607142999999999302e+04;3.396000000000000085e+01
4.878620000000000000e+05;6.553398000000000320e+04;3.386999999999999744e+01
4.883770000000000000e+05;6.688416999999999825e+04;3.396000000000000085e+01
4.888930000000000000e+05;6.743044000000000233e+04;3.386999999999999744e+01
4.894080000000000000e+05;6.634146000000000640e+04;3.386999999999999744e+01
4.899230000000000000e+05;6.580227000000000407e+04;3.396000000000000085e+01
4.904380000000000000e+05;6.688416999999999825e+04;3.386999999999999744e+01
4.909530000000000000e+05;6.715686000000000058e+04;3.386999999999999744e+01
4.914680000000000000e+05;6.688416999999999825e+04;3.386999999999999744e+01
4.919830000000000000e+05;6.553398000000000320e+04;3.386999999999999744e+01
4.924980000000000000e+05;6.634146000000000640e+04;3.386999999999999744e+01
4.930140000000000000e+05;6.743044000000000233e+04;3.386999999999999744e+01
4.935290000000000000e+05;6.688416999999999825e+04;3.386999999999999744e+01
4.940440000000000000e+05;6.634146000000000640e+04;3.386999999999999744e+01
4.945590000000000000e+05;6.553398000000000320e+04;3.378000000000000114e+01
4.950740000000000000e+05;6.743044000000000233e+04;3.386999999999999744e+01
4.955890000000000000e+05;6.688416999999999825e+04;3.378000000000000114e+01
4.961050000000000000e+05;6.661238000000000466e+04;3.378000000000000114e+01
4.966200000000000000e+05;6.607142999999999302e+04;3.378000000000000114e+01
4.971350000000000000e+05;6.661238000000000466e+04;3.378000000000000114e+01
4.976500000000000000e+05;6.770491999999999825e+04;3.378000000000000114e+01
4.981650000000000000e+05;6.743044000000000233e+04;3.386999999999999744e+01
4.986800000000000000e+05;6.661238000000000466e+04;3.386999999999999744e+01
4.991950000000000000e+05;6.634146000000000640e+04;3.378000000000000114e+01
4.997100000000000000e+05;6.770491999999999825e+04;3.378000000000000114e+01
5.002260000000000000e+05;6.770491999999999825e+04;3.378000000000000114e+01
5.007410000000000000e+05;6.580227000000000407e+04;3.378000000000000114e+01
5.012560000000000000e+05;6.688416999999999825e+04;3.378000000000000114e+01
5.017710000000000000e+05;6.770491999999999825e+04;3.378000000000000114e+01
5.022870000000000000e+05;6.743044000000000233e+04;3.378000000000000114e+01
5.028020000000000000e+05;6.661238000000000466e+04;3.378000000000000114e+01
5.033170000000000000e+05;6.634146000000000640e+04;3.378000000000000114e+01
5.038320000000000000e+05;6.770491999999999825e+04;3.378000000000000114e+01
5.043470000000000000e+05;6.770491999999999825e+04;3.378000000000000114e+01
5.048620000000000000e+05;6.661238000000000466e+04;3.378000000000000114e+01
5.053770000000000000e+05;6.661238000000000466e+04;3.378000000000000114e+01
5.058920000000000000e+05;6.743044000000000233e+04;3.368999999999999773e+01
5.064070000000000000e+05;6.770491999999999825e+04;3.368999999999999773e+01
5.069230000000000000e+05;6.661238000000000466e+04;3.378000000000000114e+01
5.074380000000000000e+05;6.580227000000000407e+04;3.368999999999999773e+01
5.079530000000000000e+05;6.715686000000000058e+04;3.368999999999999773e+01
5.084680000000000000e+05;6.770491999999999825e+04;3.368999999999999773e+01
5.089840000000000000e+05;6.580227000000000407e+04;3.368999999999999773e+01
5.094990000000000000e+05;6.634146000000000640e+04;3.368999999999999773e+01
5.100140000000000000e+05;6.661238000000000466e+04;3.368999999999999773e+01
5.105290000000000000e+05;6.798030999999999767e+04;3.368999999999999773e+01
5.110440000000000000e+05;6.715686000000000058e+04;3.368999999999999773e+01
5.115590000000000000e+05;6.661238000000000466e+04;3.378000000000000114e+01
5.120740000000000000e+05;6.688416999999999825e+04;3.368999999999999773e+01
5.125890000000000000e+05;6.798030999999999767e+04;3.368999999999999773e+01
5.131040000000000000e+05;6.715686000000000058e+04;3.368999999999999773e+01
5.136190000000000000e+05;6.634146000000000640e+04;3.360000000000000142e+01
5.141350000000000000e+05;6.798030999999999767e+04;3.368999999999999773e+01
5.146500000000000000e+05;6.770491999999999825e+04;3.360000000000000142e+01
5.151660000000000000e+05;6.715686000000000058e+04;3.360000000000000142e+01
